	OTU1	OTU2	OTU3	OTU26	OTU6	OTU8	OTU5	OTU16	OTU33	OTU20	OTU7	OTU41	OTU13	OTU93	OTU10	OTU51	OTU31	OTU29	OTU28	OTU11	OTU18	OTU39	OTU36	OTU59	OTU32	OTU60	OTU74	OTU128	OTU25	OTU67	OTU81	OTU113	OTU68	OTU24	OTU52	OTU71	OTU19	OTU89	OTU53	OTU12	OTU34	OTU78	OTU50	OTU40	OTU57	OTU37	OTU48	OTU175	OTU124	OTU115	OTU97	OTU80	OTU82	OTU90	OTU100	OTU83	OTU121	OTU94	OTU159	OTU111	OTU92	OTU43	OTU72	OTU55	OTU64	OTU134	OTU112	OTU215	OTU180	OTU137	OTU178	OTU227	OTU282	OTU73	OTU119	OTU214	OTU176	OTU247	OTU135	OTU185	OTU183	OTU75	OTU77	OTU250	OTU271	OTU84	OTU42	OTU35	OTU91	OTU191	OTU238	OTU147	OTU129	OTU87	OTU148	OTU164	OTU85	OTU179	OTU257	OTU127	OTU118	OTU110	OTU224	OTU117	OTU228	OTU388	OTU38	OTU186	OTU217	OTU160	OTU174	OTU95	OTU306	OTU281	OTU165	OTU131	OTU138	OTU395	OTU420	OTU143	OTU298	OTU361	OTU490	OTU239	OTU253	OTU171	OTU289	OTU475	OTU194	OTU255	OTU216	OTU234	OTU241	OTU277	OTU150	OTU213	OTU392	OTU226	OTU525	OTU331	OTU570	OTU283	OTU394	OTU326	OTU163	OTU387	OTU367	OTU187	OTU339	OTU412	OTU322	OTU648	OTU158	OTU252	OTU739	OTU505	OTU855	OTU938	OTU949	OTU985	OTU993	OTU1051
OTU1	0	0	0	0	0	0	0	0	0	0	0	0	0.844441826	0	0	0	0.88882922	0	0	0.842277927	0.885666101	0	0.853179389	0	0	0	0	0	0.797841216	0.795075856	0	0	0	0.817994687	0.856169121	0	0.86985607	0	0.836956731	0	0	0	0	0.868488357	0.756883817	0	0	0	0	0	0	0.775106236	0	0.854776391	0.806251059	0.822016819	0	0.779316699	0	0.752312334	0.861100066	0.730637803	0.834097825	0.765755597	0	0	0	0	0	0.812369601	0	0	0	0.883410012	0	0	0	0	0	0	0	0.799288048	0.758034659	0	0	0.785984827	0.77017177	0.742119254	0.812072093	0.78090743	0	0	0.858007189	0.718779839	0	0	0.720796234	0	0	0	0	0	0	0	0	0	0	0	0	0.781244962	0.765623152	0	0	0	0	0	0	0	0	0.779427898	0	0	0	0	0.746623043	0.755953333	0	0	0	0.718285311	0.741995738	0	0.753963558	0	0.709530359	0	0	0.736314429	0	0	0	0	0	0	0.722362374	0	0	0.722272587	0.714285586	0	0.71442268	0	0	0	0	0	0	0	0	0	0	0
OTU2	0	0	0	0	0	0	0	0	0	0	0	0	0	0	0	0	0	0	0	0	0	0	0	0	0.810099331	0	0	0	0	0	0	0	0	0	0	0	0	0	0	0	0	0	0	0	0	0	0	0	0	0	0	0	0	0	0	0	0	0	0	0	0	0	0	0	0	0	0	0	0	0	0	0	0	0	0	0	0	0	0	0	0	0	0	0	0	0	0	0	0	0	0	0	0	0	0	0	0	0	0	0	0	0	0	0	0	0	0	0	0	0	0	0	0	0	0	0	0	0	0	0	0	0	0	0	0	0	0	0	0	0	0	0	0	0	0	0	0	0	0	0	0	0	0	0	0	0	0	0	0	0	0	0	0	0	0	0	0	0	0	0	0	0
OTU3	0	0	0	0	0	0	0.843347973	0	0	0	0	0	0	0	0	0	0.734002331	0	0.769927857	0.703453458	0	0	0	0	0	0	0	0	0	0	0	0	0	0	0	0	0.705291151	0	0	0	0	0	0	0	0	-0.721831714	0	0	0	0	0	0	0.707105232	0	0	0	0	0	0	0	0	0	0	0	0	0	0.756048613	0	0	0	0	0	0	0	0	0	0	0	0	0	0	0	0	0	0	0	0	0	0	0	0	0	0	0	0	0	0	0	0	0	0	0	0	0	0	0	0	0	0	0	0	0	0	0	0	0	0	0	0	0	0	0	0	0	0	0	0	0	0	0	0	0	0	0	0	0	0	0	0	0	-0.720625645	0	0	0	0	0	0	0	0	0	0	0	0	0	0	0	0	0	0	0	0	0
OTU26	0	0	0	0	-0.726007387	0.802284827	0	0	0	0	-0.736177682	0	0	0.815749382	0	0.760215201	0	0	0	0	0	0	0	0	0	0	0	0.729606554	0	0	0	0.808880361	0	0	0	0	0	0	0	0	0	0	-0.776920873	0	-0.734284795	0	0	0.773504755	0.706843411	0	0	0	0	0	0	0	0	0	0	0	0	0	0	0	0	0	0	0	0	0	0	0	0.801366316	0	0	0	0	0	0	0.731492051	0	0	0	0.73944671	0.775800105	0	0	0	0	0	0.781799623	0	0	0	0	0	0	0	0	0	0	0	0	0	0	0	0	0	0.702510626	0	0	0	0.70762516	0	0	0	0	0.740961558	0	0	0	0.717673026	0	0	0	0	0	0.764676696	0	0	0	0	0	0	0	0	0	0	0	0	0	0	0	0	0	0	0	0	0	0	0	0	0	0	0	0	0	0	0	0	0	0
OTU6	0	0	0	-0.726007387	0	-0.780933746	0	0.718579715	0	0	0.90525578	0	0	-0.713353734	0.72887437	-0.734162941	0	0	0	0	0	0.792392244	0	-0.70975632	0	0	0	0	0	0	0	-0.739856938	-0.717574538	0	0	0	0	0.854141534	0	0	0	0.78873134	0.798364197	0	0	0	0	-0.713889479	0	0	0	0	0	0	0	0	0	0	0	0	0	0	0	0	0.861267813	0	0	0	0	0	0	0	0	0	0	0	0	0	0	-0.714667838	0	0	0	0	0	0	0	0	0	0	0	0	0	0	0	0	0	0	0	0	0	0	0	0	0	0	0	0	0	0	0	0	0	0	0	0	0	0	0	0	0	0	0	0	0	0	0	0	0	0	0	0	0	0	0	0	0	0	0	0	0	0	0	0	0	0	0	0	0	0	0	0	0	0	0	0	0	0	0	0	0	0
OTU8	0	0	0	0.802284827	-0.780933746	0	0	0	0	0.774096634	-0.7204765	0	0	0.829884534	0	0.889580159	0	0	0	0	0	0	0	0.853115214	0	0	0	0.817498328	0	0	0	0.850546754	0	0	0	-0.721600595	0	0	0	0	0	0	-0.817937086	0	-0.713656665	0	0	0.836345218	0.7981371	0	0.729668329	0	0	0	0	0	0.729992032	0	0	0	0	0	0	0	0	0	0	0	0	0	0.838058235	0	0	0	0	0	0.82697373	0	0	0.823567229	0.792088307	0	0	0.812656361	0.747206716	0	0	0	0	0	0.832963308	0	0	0	0	0	0	0	0.749102034	0	0	0	0	0	0.774956006	0	0	0	0.801807848	0	0	0	0.776497167	0	0	0	0	0.741908172	0	0	0.751677761	0.807664309	0.717240344	0	0	0	0	0.722026548	-0.719164272	0	0	0	0	0	0	0	0.71437957	0	0	0	0	0	0.741232114	0.717225648	0	0	0	0	0	0	0	0	0	0	0	0	0	0	0	0	0	0
OTU5	0	0	0.843347973	0	0	0	0	0	0	0	0	0	0	0	0	0	0	0	0	0	0	0	0	0	0	0	0	0	0	0	0	0	0	0	0	0	0	0	0	0	0	0	0	0	0	-0.722721712	0	0	0	0	0	0	0	0	0	0	0	0	0	0	0	0	0	0	0	0	0	0	0	0	0	0	0	0	0	0	0	0	0	0	0	0	0	0	0	0	0	0	0	0	0	0	0	0	0	0	0	0	0	0	0	0	0	0	0	0	0	0	0	0	0	0	0	0	0	0	0	0	0	0	0	0	0	0	0	0	0	0	0	0	0	0	0	0	0	0	0	0	0	0	0	0	0	0	0	0	0	0	0	0	0	0	0	0	0	0	0	0	0	0	0	0
OTU16	0	0	0	0	0.718579715	0	0	0	0	0	0	0.758370507	0	0	0	0	0	0	0	0	0	0	0	0	0	0	0	0	0	0	0	0	0	0	0	0	0	0.776254169	0	0	0.732008638	0	0	0	0	0	0.760214732	0	0	0	0	0	0	0	0	0	0	0	0	0	0	0	0	0	0	0	0	0	0	0	0	0	0	0	0.704172002	0	0	0	0	0	0	0	0	0	0	0	0	0	0	0	0	0	0	0	0	0	0	0	0	0	0	0	0	0	0	0	0	0	0	0	0	0	0	0	0	0	0	0	0	0	0	0	0	0	0	0	0	0	0	0	0	0	0	0	0	0	0	0	0.726808336	0	0	0	0	0	0	0	0	0	0	0	0	0	0	0	0.72036704	0	0.707485596	0	0	0	0	0
OTU33	0	0	0	0	0	0	0	0	0	0	0	0	0	0	0	0	0	0	0	0	0	0	0	0	0	0	0	0	0	0	0	0.703879375	0	0	0	0	0	0	0	0	0	0	0	0	0	0	0	0	0	0	0	0	0	0	0	0	0	0	0	0	0	0	0	0	0	0	0	0	0	0	0	0	0	0	0	0	0	0	0	0.721004707	0	0	0	0	0	0	0	0	0	0	0	0	0	0	0	0	0	0	0	0	0	0	0	0	0	0	0	0	0	0	0	0	0	0	0	0	0	0	0	0	0	0	0	0	0	0	0	0	0	0	0	0	0	0	0	0	0	0	0	0	0	0	0	0	0	0	0	0	0	0	0	0	0	0	0	0	0	0	0	0	0	0
OTU20	0	0	0	0	0	0.774096634	0	0	0	0	0	0	0	0	0	0.736662335	0	0	0	0	0	0	0	0.738166198	0	0	0	0	0	0	0	0	0	0	0	0	0	0	0	0	0	0	0	0	0	0	0	0	0	0	0.748389675	0	0	0	0	0	0.742073326	0	0	0	0	0	0	0	0	0	0	0	0	0	0.725698147	0	0	0	0	0	0	0	0	0	0.71035632	0	0	0	0	0	0	0	0	0	0	0	0	0	0	0	0	0.701686815	0	0	0	0	0	0	0	0	0	0	0	0	0	0	0	0	0	0	0	0	0	0	0	0.701392375	0	0	0	0	0.702020336	0	0	0	0	0	0	0	0	0	0	0	0	0	0	0	0.725986166	0.726529161	0	0.717775195	0	0	0	0.70656964	0	0	0	0	0	0	0	0	0	0	0	0
OTU7	0	0	0	-0.736177682	0.90525578	-0.7204765	0	0	0	0	0	0	0	0	0	-0.712187667	0	0	0	0	0	0.768989858	0	0	0.707007888	0	0	0	0	0	0	-0.762807456	0	0	0	0.724485542	0	0.816297186	0	0	0	0.763629233	0.804762074	0	0	0	0	-0.734317987	0	0	0	0	0	0	0	0	0	0	0	0	0	0	0	0	0.817736124	0	0	0	0	0	0	0	0	0	0	0	0	0	0	0	0	0	0	0	0	0	0	0	0	0	0	0	0	0	0	0	0	0	0	0	0	0	0	0	0	0	0	0	0	0	0	0	0	0	0	0	0	0	0	0	0	0	0	0	0	0	0	0	0	0	0	0	0	0	0	0	0	0	0	0	0	0	0	0	0	0	0	0	0	0	0	0	0	0	0	0	0	0	0	0	0	0
OTU41	0	0	0	0	0	0	0	0.758370507	0	0	0	0	0	0	0	0	0	0	0	0	0	0	0	0	0	0.70783226	0	0	0	0	0	0	0	0	0	0	0	0	0	0	0	0	0	0	0	0.700012904	0.758250824	0	0	0	0	0	0	0	0	0	0	0	0.746560884	0	0	0	0	0	0	0	0	0.716630153	0	0	0	0	0	0	0.767137651	0	0	0	0	0	0	0	0	0	0	0	0	0	0	0	0	0	0	0	0	0	0	0	0	0	0	0	0	0	0	0	0	0	0	0	0	0	0	0	0	0	0	0	0.761110577	0	0	0	0	0	0	0	0	0	0	0	0	0	0	0	0	0	0	0	0.77187417	0	0	0	0	0	0	0	0	0	0	0	0	0.714535513	0	0	0.719960121	0	0.725846721	0.701489023	0	0	0.70274656	0.70724891
OTU13	0.844441826	0	0	0	0	0	0	0	0	0	0	0	0	0	0	0	0.794678149	0	0	0.76198178	0.803095193	0	0.773993637	0	0	0	0	0	0	0.72668878	0	0	0	0.785669112	0.760499153	0.725722661	0.78587223	0	0.791310486	0.700780235	0	0	0	0.827666354	0.754897142	0	0	0	0	0	0	0.740144771	0	0.784855791	0.731632415	0.754602431	0	0	0	0	0.799494268	0	0.749378951	0.785274985	0	0	0	0	0	0.759412839	0	0	0	0.795594835	0	0	0	0	0	0	0	0.74919167	0	0	0	0	0.757881138	0	0.720329132	0.721062593	0	0	0.778690508	0.746310417	0	0	0	0	0	0	0	0	0	0	0	0	0	0	0	0	0	0	0	0	0	0	0	0	0	0.733996987	0	0	0	0	0.704961694	0	0	0	0	0	0	0	0	0	0	0	0	0	0	0	0	0	0	0	0	0	0	0	0	0	0	0	0	0	0	0	0	0	0	0	0	0
OTU93	0	0	0	0.815749382	-0.713353734	0.829884534	0	0	0	0	0	0	0	0	0	0.795974687	0	0	0	0	0	0	0	0.711730357	0	0	0	0.762685861	0	0	0	0.771920298	0	0	0	0	0	0	0	0	0	0	-0.726496538	0	0	0	0	0.819482104	0.758101176	0	0	0	0	0	0	0	0	0	0	0	0	0	0	0	0	0	0	0	0	0	0	0	0.752368088	0	0	0	0.724194521	0	0	0.738081241	0	0	0	0.821073858	0.762047858	0	0	0	0	0	0.775617371	0	0	0	0	0	0	0	0	0	0	0	0	0	0	0	0	0	0.74886008	0	0	0	0.750663417	0	0	0	0	0.708863529	0	0	0	0.781660526	0.752486911	0	0	0	0	0	0	0	0	0	0	0	0	0	0	0	0	0	0	0	0	0	0	0	0	0	0	0	0	0	0	0	0	0	0	0	0	0	0	0
OTU10	0	0	0	0	0.72887437	0	0	0	0	0	0	0	0	0	0	0	0	0	0	0	0	0	0	0	0	0	0	0	0	0	0	0	-0.705765368	0	0	0	0	0	0	0	0	0	0	0	0	0	0	0	0	0	0	0	0	0	0	0	0	0	0	0	0	0	0	0	0	0	0	0	0	0	0	0	0	0	0	0	0	0	0	0	0	0	0	0	0	0	0	0	0	0	0	0	0	0	0	0	0	0	0	0	0	0	0	0	0	0	0	0	0	0	0	0	0	0	0	0	0	0	0	0	0	0	0	0	0	0	0	0	0	0	0	0	0	0	0	0	0	0	0	0	0	0	0	0	0	0	0	0	0	0	0	0	0	0	0	0	0	0	0	0	0	0
OTU51	0	0	0	0.760215201	-0.734162941	0.889580159	0	0	0	0.736662335	-0.712187667	0	0	0.795974687	0	0	0	0	0	0	0	0	0	0.827644132	0	0	0	0.717509086	0	0	0	0.831295348	0	0	0	-0.717430085	0	0	0	0	0	-0.713754636	-0.780694876	0	0	0	0	0.789534347	0.766873922	0	0.730336356	0	0	0	0	0	0	0	0	0	0	0	0	0	-0.722353936	0	0	0	0	0	0.82454689	0	0	0	0	0	0.811481885	0	0	0.791503136	0.801507545	0	0	0.773170631	0.715674979	0	0	0	0	0	0.792072893	0	0	0	0	0	0	0	0.719835518	0	0	0	0	0	0.718657942	0	0	0	0.77756177	0	0	0	0.723704103	0	0	0	0	0	0	0	0.717053189	0.776673924	0	0	0	0	0	0	-0.707724177	0	0	0	0	0	0	0	0	0	0	0	0	0	0.728757325	0	0	0	0	0	0	0	0	0	0	0	0	0	0	0	0	0	0	0
OTU31	0.88882922	0	0.734002331	0	0	0	0	0	0	0	0	0	0.794678149	0	0	0	0	0	0	0.862359	0.877898531	0	0.865767705	0	0	0	0	0	0.805479108	0.783385496	0	0	0	0.794293734	0.8695433	0	0.871897039	0	0.868662496	0	0	0	0	0.816763013	0	0	0	0	0	0	0	0.75922339	0	0.877875461	0.843221697	0.804463524	0	0.801113452	0	0.716712518	0.841764529	0.738187685	0.832695765	0.75948705	0	0	0	0	0	0.806503918	0	0	0	0.867371743	0	0	0	0	0	0	0	0.794413646	0.803822012	0	0	0.733255873	0.763487926	0.768025608	0.787763242	0.77147097	0	0	0.815724042	0	0	0	0.762913469	0	0	0.719540196	0.709124479	0	0	0	0	0	0	0	0	0.784268985	0.77092261	0	0	0	0.727501587	0	0	0	0	0.73658808	0	0	0	0	0.740355838	0.765242121	0	0	0	0.750923318	0.780138005	0	0.775516892	0.727667565	0.703269981	0	0	0.738098427	0	0	0	0.71450227	0	0	0	0	0	0.70409916	0	0	0.760955545	0	0	0	0	0	0	0	0	0	0	0
OTU29	0	0	0	0	0	0	0	0	0	0	0	0	0	0	0	0	0	0	0	0	0	0	0	0	0	0	0	0	0	0	0	0	0	0	0	0	0	0	0	0	0	0	0	0	0	0	0.703452327	0	0	0	0	0	0	0	0	0	0	0	0	0	0	0	0	0	0	0	0	0	0	0	0	0	0	0	0	0	0	0	0	0	0	0	0	0	0	0	0	0	0	0	0	0	0	0	0	0	0	0	0	0	0	0	0	0	0	0	0	0	0	0	0	0	0	0	0	0	0	0	0	0	0	0	0	0	0	0	0	0	0	0	0	0	0	0	0	0	0	0	0	0	0	0	0	0	0	0	0	0	0	0	0	0	0	0	0	0	0	0	0	0	0	0
OTU28	0	0	0.769927857	0	0	0	0	0	0	0	0	0	0	0	0	0	0	0	0	0	0	0	0	0	0	0	0	0	0	0	0	0	0	0	0	0	0	0	0	0	0	0	0	0	0	0	0	0	0	0	0	0	0	0	0	0	0	0	0	0	0	0	0	0	0	0	0	0	0	0	0	0	0	0	0	0	0	0	0	0	0	0	0	0	0	0	0	0	0	0	0	0	0	0	0	0	0	0	0	0	0	0	0	0	0	0	0	0	0	0	0	0	0	0	0	0	0	0	0	0	0	0	0	0	0	0	0	0	0	0	0	0	0	0	0	0	0	0	0	0	0	0	0	0	0	0	0	0	0	0	0	0	0	0	0	0	0	0	0	0	0	0
OTU11	0.842277927	0	0.703453458	0	0	0	0	0	0	0	0	0	0.76198178	0	0	0	0.862359	0	0	0	0.824938055	0	0.824576139	0	0	0	0	0	0.804909309	0.724960921	0	0	0	0.716404982	0.862807294	0	0.823343497	0	0.843135165	0	0	0	0	0.819694712	0	0	0	0	0	0	0	0	0	0.836508214	0.801926787	0.74011093	0	0.797060776	0	0	0.785151001	0	0.712355954	0	0	0	0	0	0	0.71336089	0	0	0	0.805664856	0	0	0	0	0	0	0	0.708540754	0.738890406	0	0	0	0	0.706163708	0.742293579	0.763044853	0	0	0.748528159	0	0	0	0.779408265	0	0	0.752394117	0.729654006	0	0	0	0	0	0	0	0	0.752771049	0.750413319	0	0	0	0	0	0	0	0	0	0	0	0	0	0	0.711542396	0	0	0	0	0.713066529	0	0.74049179	0	0	0	0	0	0	0	0	0	0	0	0	0	0	0	0	0	0	0	0	0	0	0	0	0	0	0	0	0
OTU18	0.885666101	0	0	0	0	0	0	0	0	0	0	0	0.803095193	0	0	0	0.877898531	0	0	0.824938055	0	0	0.850544574	0	0	0	0	0	0.805490154	0.798064463	0	0	0	0.77529792	0.842699663	0	0.878049424	0	0.837931209	0	0	0	0	0.79381058	0	0	0	0	0	0	0	0.746842516	0	0.85662974	0.778907602	0.803924273	0	0.765028118	0	0.716531168	0.816773253	0.732086807	0.821777433	0.743902207	0	0	0	0	0	0.797277427	0	0	0	0.860289643	0	0	0	0	0	0	0	0.807996999	0.779819932	0	0	0.727434025	0.772316493	0.735530005	0.79715548	0.770331477	0	0	0.804043594	0.718321058	0	0	0.726307496	0	0	0	0	0	0	0	0	0	0	0	0	0.765835735	0.7285726	0.70265184	0	0	0.703518818	0	0	0	0	0.718502545	0	0	0	0	0.722429808	0.736492999	0	0	0	0.726344623	0.716133635	0	0.759573617	0	0.727797214	0	0	0.729177142	0	0	0	0	0	0	0.711052396	0	0	0.718878844	0	0	0.729972335	0	0	0	0	0	0	0	0	0	0	0
OTU39	0	0	0	0	0.792392244	0	0	0	0	0	0.768989858	0	0	0	0	0	0	0	0	0	0	0	0	0	0	0	0	0	0	0	0	0	0	0	0	0	0	0.769980412	0	0	0	0.705816375	0	0	0	0	0	0	0	0	0	0	0	0	0	0	0	0	0	0	0	0	0	0	0.778557531	0	0	0	0	0	0	0	0	0	0	0	0	0	0	0	0	0	0	0	0	0	0	0	0	0	0	0	0	0	0	0	0	0	0	0	0	0	0	0	0	0	0	0	0	0	0	0	0	0	0	0	0	0	0	0	0	0	0	0	0	0	0	0	0	0	0	0	0	0	0	0	0	0	0	0	0	0	0	0	0	0	0	0	0	0	0	0	0	0	0	0	0	0	0	0	0	0
OTU36	0.853179389	0	0	0	0	0	0	0	0	0	0	0	0.773993637	0	0	0	0.865767705	0	0	0.824576139	0.850544574	0	0	0	0	0	0	0	0.787772244	0.735026363	0	0	0	0.762979586	0.847554856	0	0.816960086	0	0.841094892	0	0	0	0	0.788545396	0	0	0	0	0	0	0	0.755808704	0	0.873221055	0.844244463	0.752761712	0	0.807068697	0	0	0.806508144	0.712560075	0.804278173	0.747074143	0	0	0	0	0	0.780365281	0	0	0	0.830854419	0	0	0	0	0	0	0	0.770635455	0.79248945	0	0	0	0.740605843	0.721049405	0.795212121	0.765946651	0	0	0.763229048	0	0	0	0.766855323	0	0	0.743654488	0.754850987	0	0	0	0	0	0	0.716288004	0	0.781333902	0.761525016	0	0	0	0.729570146	0	0	0	0	0.728188917	0	0	0	0	0.747197602	0.769799005	0	0	0	0	0.771435577	0	0.787388296	0.747949299	0	0	0	0	0	0	0	0.74150119	0	0	0	0	0	0	0	0	0.736467766	0	0	0	0	0	0	0	0	0	0	0
OTU59	0	0	0	0	-0.70975632	0.853115214	0	0	0	0.738166198	0	0	0	0.711730357	0	0.827644132	0	0	0	0	0	0	0	0	0	0	0	0.725372901	0	0	0	0.716283292	0	0	0	0	0	0	0	0	0	0	-0.7341542	0	0	0	0	0.796789125	0.760419177	0	0	0	0	0	0	0	0	0	0	0	0	0	0	0	0	0	0	0	0	0	0.803254736	0	0	0	0	0	0.783928482	0	0	0.723411282	0.823112421	0	0	0.742726605	0	0	0	0	0	0	0	0	0	0	0	0	0	0	0.770862084	0	0	0	0	0	0.770883025	0	0	0	0.757195934	0	0	0	0.712708476	0	0	0	0	0	0	0	0.701802526	0.71565147	0	0	0	0	0	0	-0.717237959	0	0	0	0	0	0	0	0.716021585	0	0	0	0	0	0	0.724388751	0	0	0	0	0	0.727919612	0	0	0	0	0	0	0	0	0	0	0	0
OTU32	0	0.810099331	0	0	0	0	0	0	0	0	0.707007888	0	0	0	0	0	0	0	0	0	0	0	0	0	0	0	0	0	0	0	0	0	0	0	0	0	0	0	0	0	0	0	0.705029439	0	0	0	0	0	0	0	0	0	0	0	0	0	0	0	0	0	0	0	0	0	0	0	0	0	0	0	0	0	0	0	0	0	0	0	0	0	0	0	0	0	0	0	0	0	0	0	0	0	0	0	0	0	0	0	0	0	0	0	0	0	0	0	0	0	0	0	0	0	0	0	0	0	0	0	0	0	0	0	0	0	0	0	0	0	0	0	0	0	0	0	0	0	0	0	0	0	0	0	0	0	0	0	0	0	0	0	0	0	0	0	0	0	0	0	0	0	0	0
OTU60	0	0	0	0	0	0	0	0	0	0	0	0.70783226	0	0	0	0	0	0	0	0	0	0	0	0	0	0	0	0	0	0	0	0	0	0	0	0	0	0	0	0	0	0	0	0	0	0	0.756144194	0	0	0	0	0	0	0	0	0	0	0	0	0	0	0	0	0	0	0	0	0	0	0	0	0	0	0	0.705650678	0	0	0	0	0	0	0	0	0	0	0	0	0	0	0	0	0	0	0	0	0	0	0	0	0	0	0	0	0	0	0	0	0	0	0	0	0	0	0	0	0	0	0	0.709204743	0	0	0	0	0	0	0	0	0	0	0	0	0	0	0	0	0	0	0	0.728395629	0	0	0	0	0	0	0	0	0	0	0	0	0	0	0	0	0	0	0	0	0	0	0
OTU74	0	0	0	0	0	0	0	0	0	0	0	0	0	0	0	0	0	0	0	0	0	0	0	0	0	0	0	0	0	0	0	0	0	0	0	0	0	0	0	0	0	0	0	0	0	0	0	0	0	0	0	0	0	0	0	0	0	0	0	0	0	0	0	0	0	0	0	0	0	0	0	0	0	0	0	0	0	0	0	0	0	0	0	0	0	0	0	0	0	0	0	0	0	0	0	0	0	0	0	0	0	0	0.710799299	0	0	0	0	0	0	0	0	0	0	0.70482191	0	0	0	0	0	0	0	0	0	0	0	0	0	0	0	0	0	0	0	0	0	0	0	0	0	0	0	0	0	0	0	0	0	0	0	0	0	0	0	0	0	0	0	0	0	0	0	0
OTU128	0	0	0	0.729606554	0	0.817498328	0	0	0	0	0	0	0	0.762685861	0	0.717509086	0	0	0	0	0	0	0	0.725372901	0	0	0	0	0	0	0	0	0	0	0	0	0	0	0	0	0	0	0	0	0	0	0	0.762675639	0.73181811	0	0	0	0	0	0	0	0	0	0	0	0	0	0	0	0	0	0	0	0	0	0	0	0	0	0	0	0.711989611	0	0	0	0	0	0	0.75232898	0.707494795	0	0	0	0	0	0.758690489	0	0	0	0	0	0	0	0	0	0	0	0	0	0.714578928	0	0	0	0	0	0	0	0.760836169	0	0	0	0	0	0	0	0	0.741495222	0	0	0	0	0	0.711133074	0	0	0	0	0	0	0	0	0.709415939	0	0	0	0	0	0	0	0	0	0	0	0	0	0	0	0	0	0	0	0	0	0	0	0	0
OTU25	0.797841216	0	0	0	0	0	0	0	0	0	0	0	0	0	0	0	0.805479108	0	0	0.804909309	0.805490154	0	0.787772244	0	0	0	0	0	0	0	0	0	0	0.745790152	0.804648939	0	0.796346165	0	0.788661826	0	0	0	0	0.75462816	0	0	0	0	0	0	0	0	0	0.778584214	0.713280643	0	0	0.726786544	0	0	0.738118178	0	0	0	0	0	0	0	0	0.714047437	0	0	0	0.77396045	0	0	0	0	0	0	0	0	0	0	0	0	0	0	0	0.718681752	0	0	0.725993571	0	0	0	0.71808212	0	0	0.70150425	0	0	0	0	0	0	0	0	0	0	0.701155976	0	0	0	0	0	0	0	0	0	0	0	0	0	0	0	0	0	0	0	0	0	0	0	0	0	0	0	0	0	0	0	0	0	0	0	0	0	0	0	0	0	0	0	0	0	0	0	0	0	0	0
OTU67	0.795075856	0	0	0	0	0	0	0	0	0	0	0	0.72668878	0	0	0	0.783385496	0	0	0.724960921	0.798064463	0	0.735026363	0	0	0	0	0	0	0	0	0	0	0.71684127	0.721762195	0	0.751138968	0	0.71795286	0	0	0	0	0.723267457	0	0	0	0	0	0	0	0.821614731	0	0.772058593	0.768170788	0.759577926	0	0.740715013	0	0.785759358	0.793268245	0.701688623	0.803772167	0.754955215	0	0	0	0	0	0.786985661	0	0	0	0.755634045	0	0	0	0	0.713901123	0	0	0.766785442	0.811982565	0	0	0.761642811	0.701051193	0.705830333	0.783409772	0.787126957	0	0	0.758146324	0.739882105	0	0	0	0	0	0	0	0	0	0	0	0	0	0	0	0	0.747991296	0	0	0	0.731029957	0	0	0	0	0.722813772	0	0	0	0	0	0.733580304	0	0	0	0.754180267	0	0	0.729603092	0	0	0	0	0.707152217	0	0	0	0	0	0	0.7030885	0	0	0	0.735899974	0	0.765167341	0	0	0.701629103	0	0	0	0	0	0	0	0
OTU81	0	0	0	0	0	0	0	0	0	0	0	0	0	0	0	0	0	0	0	0	0	0	0	0	0	0	0	0	0	0	0	0	0	0	0	0	0	0	0	0	0	0	0	0	0	0	0	0	0	0.700383855	0	0	0	0	0	0	0	0	0	0	0	0	0	0	0	0	0	0	0.725727235	0	0	0	0	0	0	0	0	0	0	0	0	0	0	0	0	0	0	0	0	0	0	0	0	0	0	0	0	0	0	0	0	0	0	0	0	0	0	0	0	0	0	0	0	0	0	0	0	0	0	0	0	0	0	0	0	0	0	0	0	0	0	0	0	0	0	0	0	0	0	0	0	0	0	0	0	0	0	0	0	0	0	0	0	0	0	0	0	0	0	0	0	0
OTU113	0	0	0	0.808880361	-0.739856938	0.850546754	0	0	0.703879375	0	-0.762807456	0	0	0.771920298	0	0.831295348	0	0	0	0	0	0	0	0.716283292	0	0	0	0	0	0	0	0	0	0	0	-0.793066014	0	0	0	-0.746155354	0	-0.742984147	-0.820042721	0	-0.788931249	0	0	0.775695974	0.71209605	0	0	0	0	0	0	0	0	0	0	0	0	0	0	0	-0.743868487	0	0	0	0	0	0.750500123	0	0	0	0	0	0.722112826	0	0	0.8108573	0.710179478	0	0	0.724410141	0.703413107	0	0	0	0	0	0.774213475	-0.720918549	0	0	0	0	0	0	0	0	0	0	0	0	0	0.709385042	0	0	0	0	0	0	0	0	0	0	0	0	0	0	0	0.749324854	0	0	0	0	0	0.736291953	-0.728624063	0	0	0	0	0	0	0	0	0	0	0	0	0	0	0	0	0	0	0	0	0	0	0	0	0	0	0	0	0	0	0	0	0
OTU68	0	0	0	0	-0.717574538	0	0	0	0	0	0	0	0	0	-0.705765368	0	0	0	0	0	0	0	0	0	0	0	0	0	0	0	0	0	0	0	0	0	0	0	0	0	0	0	0	0	0	0	0	0	0	0	0	0	0	0	0	0	0	0	0	0	0	0	0	0	0	0	0	0	0	0	0	0	0	0	0	0	0	0	0	0	0	0	0	0	0	0	0	0	0	0	0	0	0	0	0	0	0	0	0	0	0	0	0	0	0	0	0	0	0	0	0	0	0	0	0	0	0	0	0	0	0	0	0	0	0	0	0	0	0	0	0	0	0	0	0	0	0	0	0	0	0	0	0	0	0	0	0	0	0	0	0	0	0	0	0	0	0	0	0	0	0	0
OTU24	0.817994687	0	0	0	0	0	0	0	0	0	0	0	0.785669112	0	0	0	0.794293734	0	0	0.716404982	0.77529792	0	0.762979586	0	0	0	0	0	0.745790152	0.71684127	0	0	0	0	0.771392543	0	0.806125711	0	0.78828737	0	0	0	0	0.755035194	0	0	0	0	0	0	0	0.704432627	0	0.764993973	0	0.753205316	0	0	0	0	0.80234884	0.734129748	0.747428889	0.768860197	0	0	0	0	0	0.755373703	0	0	0	0.805209271	0	0	0	0	0	0	0	0.735476002	0.700839534	0	0	0	0.741031388	0	0.705622055	0	0	0	0.775122683	0	0	0	0	0	0	0	0	0	0	0	0	0	0	0	0	0	0	0	0	0	0	0	0	0	0	0.701727872	0	0	0	0	0	0	0	0	0	0	0	0	0.703880256	0	0	0	0	0	0	0	0	0	0	0	0	0	0	0	0	0	0	0	0	0	0	0	0	0	0	0	0	0
OTU52	0.856169121	0	0	0	0	0	0	0	0	0	0	0	0.760499153	0	0	0	0.8695433	0	0	0.862807294	0.842699663	0	0.847554856	0	0	0	0	0	0.804648939	0.721762195	0	0	0	0.771392543	0	0	0.849932634	0	0.86719226	0	0	0	0	0.807393543	0	0	0	0	0	0	0	0.705606094	0	0.816219321	0.780195827	0.812587119	0	0.740930729	0	0	0.778945109	0	0.782430844	0.703807531	0	0	0	0	0	0.753380043	0	0	0	0.844349337	0	0	0	0	0	0	0	0.714253001	0.73213978	0	0	0	0.716303106	0.709668344	0.767850228	0.773793605	0	0	0.795948661	0	0	0	0.734825249	0	0	0	0.707657759	0	0	0	0	0	0	0	0	0.777153781	0.71436085	0	0	0	0	0	0	0	0	0	0	0	0	0	0.746086122	0.730707445	0	0	0	0	0	0	0.728794792	0	0	0	0	0	0	0	0	0.700173617	0	0	0	0	0	0	0	0	0	0	0	0	0	0	0	0	0	0	0	0
OTU71	0	0	0	0	0	-0.721600595	0	0	0	0	0.724485542	0	0.725722661	0	0	-0.717430085	0	0	0	0	0	0	0	0	0	0	0	0	0	0	0	-0.793066014	0	0	0	0	0	0	0	0.742991031	0	0.741562717	0.794397577	0	0.760422562	0	0	0	0	0	0	0	0	0	0	0	0	0	0	0	0	0	0	0	0.718585008	0	0	0	0	0	0	0	0	0	0	0	0	0	0	-0.785109875	0	0	0	0	0	0	0	0	0	0	0	0.782659182	0	0	0	0	0	0	0	0	0	0	0	0	0	0	0	0	0	0	0	0	0	0	0	0	0	0	0	0	0	0	0	0	0	0	0	0	0.73487644	0	0	0	0	0	0	0	0	0	0	0	0	0	0	0	0	0	0	0	0	0	0	0	0	0	0	0	0	0	0	0	0	0
OTU19	0.86985607	0	0.705291151	0	0	0	0	0	0	0	0	0	0.78587223	0	0	0	0.871897039	0	0	0.823343497	0.878049424	0	0.816960086	0	0	0	0	0	0.796346165	0.751138968	0	0	0	0.806125711	0.849932634	0	0	0	0.843735714	0	0	0	0	0.793751778	0	0	0	0	0	0	0	0.707682161	0	0.818024118	0.729790612	0.780237157	0	0.748183314	0	0.702400886	0.810777485	0.715585994	0.776838747	0.726159165	0	0	0	0	0	0.773235947	0	0	0	0.828577589	0	0	0	0	0	0	0	0.723627168	0.755172204	0	0	0	0	0.707326245	0.766956799	0.745647082	0	0	0.78658789	0.707285493	0	0	0	0	0	0	0	0	0	0	0	0	0	0	0	0.73596356	0.741923021	0	0	0	0	0	0	0	0	0	0	0	0	0	0.70851824	0.711204919	0	0	0	0.715426469	0	0	0	0	0	0	0	0.703363789	0	0	0	0	0	0	0	0	0	0	0	0	0	0	0	0	0	0	0	0	0	0	0	0
OTU89	0	0	0	0	0.854141534	0	0	0.776254169	0	0	0.816297186	0	0	0	0	0	0	0	0	0	0	0.769980412	0	0	0	0	0	0	0	0	0	0	0	0	0	0	0	0	0	0	0.735247752	0.710881527	0	0	0	0	0	0	0	0	0	0	0	0	0	0	0	0	0	0	0	0	0	0	0.821704475	0	0	0	0	0	0	0	0	0	0	0	0	0	0	0	0	0	0	0	0	0	0	0	0	0	0	0	0	0	0	0	0	0	0	0	0	0	0	0	0	0	0.705969758	0	0	0	0	0	0	0	0	0	0	0	0	0	0	0	0	0	0	0	0	0	0	0	0	0	0	0	0	0	0	0	0	0	0	0	0	0	0	0	0	0	0	0	0	0	0	0	0	0	0	0	0	0	0	0
OTU53	0.836956731	0	0	0	0	0	0	0	0	0	0	0	0.791310486	0	0	0	0.868662496	0	0	0.843135165	0.837931209	0	0.841094892	0	0	0	0	0	0.788661826	0.71795286	0	0	0	0.78828737	0.86719226	0	0.843735714	0	0	0	0	0	0	0.790970097	0	0	0	0	0	0	0	0.705044259	0	0.845734285	0.789882884	0.807093284	0	0.761741723	0	0	0.796167048	0.701327225	0.766642231	0.746124572	0	0	0	0	0	0.77780132	0	0	0	0.862204275	0	0	0	0	0	0	0	0.780852102	0	0	0	0	0.713158701	0.701878453	0.736496061	0.756090496	0	0	0.80471798	0	0	0	0.737385042	0	0	0	0.721236646	0	0	0	0	0	0	0	0	0.738283108	0.722099981	0	0	0	0	0	0	0	0	0.701339586	0	0	0	0	0.755300503	0.715463318	0	0	0	0	0.748453973	0	0.739630515	0	0	0	0	0	0	0	0	0	0	0	0	0	0	0	0	0	0	0	0	0	0	0	0	0	0	0	0	0
OTU12	0	0	0	0	0	0	0	0	0	0	0	0	0.700780235	0	0	0	0	0	0	0	0	0	0	0	0	0	0	0	0	0	0	-0.746155354	0	0	0	0.742991031	0	0	0	0	0	0	0	0	0.724232446	0	0	0	0	0	0	0	0	0	0	0.700606845	0	0	0	0	0.73623664	0	0	0.721142272	0	0	0	0	0	0	0	0	0	0	0	0	0	0	0	-0.708712655	0	0.731427831	0	0	0	0	0	0	0	0	0	0.738522327	0	0.719190797	0	0	0	0	0	0	0	0	0	0	0	0	0	0	0	0	0	0	0	0	0	0	0	0	0	0	0	0	0	0	0	0	0	0	0	0	0	0	0	0	0	0	0	0	0	0	0	0	0	0	0	0	0	0	0	0	0	0	0	0	0	0	0	0	0	0	0	0
OTU34	0	0	0	0	0	0	0	0.732008638	0	0	0	0	0	0	0	0	0	0	0	0	0	0	0	0	0	0	0	0	0	0	0	0	0	0	0	0	0	0.735247752	0	0	0	0	0	0	0	0.70685941	0.76774635	0	0	0	0	0	0	0	0	0	0	0	0	0	0	0	0	0	0	0	0	0	0	0	0	0	0	0	0.733420159	0	0	0	0	0	0	0	0	0	0	0	0	0	0	0	0	0	0	0	0	0	0	0	0	0	0	0	0	0	0	0	0	0	0	0	0	0	0	0	0	0	0	0	0	0	0	0	0	0	0	0	0	0	0	0	0	0	0	0	0	0	0	0	0.73620693	0	0	0	0	0	0	0	0	0	0	0	0	0.724429717	0	0	0.70064908	0	0.706954645	0	0	0	0	0
OTU78	0	0	0	0	0.78873134	0	0	0	0	0	0.763629233	0	0	0	0	-0.713754636	0	0	0	0	0	0.705816375	0	0	0	0	0	0	0	0	0	-0.742984147	0	0	0	0.741562717	0	0.710881527	0	0	0	0	0.772180578	0	0	0	0	0	0	0	0	0	0	0	0	0	0	0	0	0	0	0	0	0	0.830289638	0	0	0	0	0	0	0	0	0	0	0	0	0	0	-0.731274475	0	0	0	0	0	0	0	0	0	0	0	0	0	0	0	0	0	0	0	0	0	0	0	0	0	0	0	0	0	0	0	0	0	0	0	0	0	0	0	0	0	0	0	0	0	0	0	0	0	0	0	0	0	0	0	0	0	0	0	0	0	0	0	0	0	0	0	0	0	0	0	0	0	0	0	0	0	0	0	0	0	0
OTU50	0	0	0	-0.776920873	0.798364197	-0.817937086	0	0	0	0	0.804762074	0	0	-0.726496538	0	-0.780694876	0	0	0	0	0	0	0	-0.7341542	0.705029439	0	0	0	0	0	0	-0.820042721	0	0	0	0.794397577	0	0	0	0	0	0.772180578	0	0	0.765981933	0	0	-0.746010174	0	0	0	0	0	0	0	0	0	0	0	0	0	0	0	0	0.789561078	0	0	0	0	0	-0.745375165	0	0	0	0	0	0	0	0	-0.754870701	0	0	0	-0.705932824	0	0	0	0	0	0	0	0.726784847	0	0	0	0	0	0	-0.721365311	0	0	0	0	0	0	0	0	0	0	0	0	0	0	0	0	0	0	0	0	0	0	0	0	0	0	0	0	0	0.739996949	0	0	0	0	0	0	0	0	0	0	0	0	0	0	0	0	0	0	0	0	0	0	0	0	0	0	0	0	0	0	0	0	0
OTU40	0.868488357	0	0	0	0	0	0	0	0	0	0	0	0.827666354	0	0	0	0.816763013	0	0	0.819694712	0.79381058	0	0.788545396	0	0	0	0	0	0.75462816	0.723267457	0	0	0	0.755035194	0.807393543	0	0.793751778	0	0.790970097	0	0	0	0	0	0.751876606	0	0	0	0	0	0	0.741436454	0	0.826447963	0.758833782	0.800337791	0	0.724930214	0	0	0.813392626	0	0.760653111	0	0	0	0	0	0	0.75486361	0	0	0	0.803299896	0	0	0	0	0	0	0	0.729229341	0.714789008	0	0	0	0	0	0.728073902	0.728144323	0	0	0.807037663	0	0	0	0.706149967	0	0	0	0	0	0	0	0	0	0	0	0	0.722677136	0.721242576	0	0	0	0	0	0	0	0	0.711912187	0	0	0	0	0	0	0	0	0	0	0	0	0.710608687	0	0	0	0	0	0	0	0	0	0	0	0	0	0	0	0	0	0	0	0	0	0	0	0	0	0	0	0	0
OTU57	0.756883817	0	0	-0.734284795	0	-0.713656665	0	0	0	0	0	0	0.754897142	0	0	0	0	0	0	0	0	0	0	0	0	0	0	0	0	0	0	-0.788931249	0	0	0	0.760422562	0	0	0	0.724232446	0	0	0.765981933	0.751876606	0	0	0	0	0	0	0	0	0	0	0	0.709859562	0	0	0	0	0.7323936	0	0	0	0	0	0	0	0	0	0	0	0	0	0	0	0	0	0	-0.716194828	0	0	0	0	0	0	0	0	0	0	0	0	0	0	0	0	0	0	0	0	0	0	0	0	0	-0.73245323	0	0	0	0	0	0	0	0	0	0.777523383	0	0	0	0	0	0	0	0	0	0	0	0	0	0	0	0	0	0	0	0	0	0	0	0	0	0	0	0	0	0	0	0	0	0	0	0	0	0	0	0	0	0	0	0	0	0
OTU37	0	0	-0.721831714	0	0	0	-0.722721712	0	0	0	0	0.700012904	0	0	0	0	0	0	0	0	0	0	0	0	0	0	0	0	0	0	0	0	0	0	0	0	0	0	0	0	0.70685941	0	0	0	0	0	0.741166327	0	0	0	0	0	0	0	0	0	0	0	0	0	0	0	0	0	0	0	0	0	0	0	0	0	0	0	0	0	0	0	0	0	0	0	0	0	0	0	0	0	0	0	0	0	0	0	0	0	0	0	0	0	0	0	0	0	0	0	0	0	0	0	0	0	0	0	0	0	0	0	0	0	0	0	0	0	0	0	0	0	0	0	0	0	0	0	0	0	0	0	0.728528808	0	0	0	0	0	0	0	0	0	0	0	0	0	0	0	0.70462855	0	0	0	0	0	0	0
OTU48	0	0	0	0	0	0	0	0.760214732	0	0	0	0.758250824	0	0	0	0	0	0.703452327	0	0	0	0	0	0	0	0.756144194	0	0	0	0	0	0	0	0	0	0	0	0	0	0	0.76774635	0	0	0	0	0.741166327	0	0	0	0	0	0	0	0	0	0	0	0	0	0	0	0	0	0	0	0	0	0	0	0	0	0	0	0	0.750760243	0	0	0	0	0	0	0	0	0	0	0	0	0	0	0	0	0	0	0	0	0	0	0	0	0	0	0	0	0.751835075	0	0	0	0	0	0	0	0	0	0	0	0	0	0	0.705768889	0	0	0	0	0	0	0	0	0	0	0	0	0	0	0	0	0	0	0	0.778117232	0	0	0	0	0	0	0	0	0	0	0	0	0.700801847	0	0	0.701485762	0	0.712368081	0.701818242	0.705987938	0	0.705194107	0
OTU175	0	0	0	0.773504755	-0.713889479	0.836345218	0	0	0	0	-0.734317987	0	0	0.819482104	0	0.789534347	0	0	0	0	0	0	0	0.796789125	0	0	0	0.762675639	0	0	0	0.775695974	0	0	0	0	0	0	0	0	0	0	-0.746010174	0	0	0	0	0	0.834318855	0	0	0	0	0	0	0	0	0	0	0	0	0	0	0	0	0	0	0	0	0	0.754415086	0	0.703943012	0	0	0	0.803378914	0	0	0.703957097	0.781962834	0	0	0.818075218	0.766613761	0	0	0	0	0	0.754434234	0	0	0	0	0	0	0	0.726121803	0	0	0	0	0	0.713872885	0	0	0	0.768401263	0	0	0	0.767308607	0	0	0	0	0	0	0	0.720287778	0.782298198	0.733973052	0	0	0	0	0	0	0	0	0	0	0	0	0	0	0	0	0	0	0	0	0	0	0	0	0	0	0	0	0	0	0	0	0	0	0	0	0	0	0
OTU124	0	0	0	0.706843411	0	0.7981371	0	0	0	0	0	0	0	0.758101176	0	0.766873922	0	0	0	0	0	0	0	0.760419177	0	0	0	0.73181811	0	0	0	0.71209605	0	0	0	0	0	0	0	0	0	0	0	0	0	0	0	0.834318855	0	0	0	0	0	0	0	0	0	0	0	0	0	0	0	0	0	0	0	0	0	0	0.740062809	0	0	0	0	0	0.778122356	0	0	0	0.771639319	0	0	0.777306411	0.728853891	0	0	0	0	0	0.75281767	0	0	0	0	0	0	0	0	0	0	0	0	0	0.705563628	0	0	0	0.747807902	0	0	0	0.7521799	0	0	0	0	0	0	0	0.714115568	0.748383744	0.703279013	0	0	0	0	0	0	0	0	0	0	0	0	0	0	0	0	0	0	0	0	0	0	0	0	0	0	0	0	0	0	0	0	0	0	0	0	0	0	0
OTU115	0	0	0	0	0	0	0	0	0	0	0	0	0	0	0	0	0	0	0	0	0	0	0	0	0	0	0	0	0	0	0.700383855	0	0	0	0	0	0	0	0	0	0	0	0	0	0	0	0	0	0	0	0	0	0	0	0	0	0	0	0	0	0	0	0	0	0	0	0	0	0.722780052	0	0	0	0	0	0	0	0	0	0	0	0	0	0	0	0	0	0	0	0	0	0	0	0	0	0	0	0	0	0	0	0	0	0	0	0	0	0	0	0	0	0	0	0	0	0	0	0	0	0	0	0	0	0	0	0	0	0	0	0	0	0	0	0	0	0	0	0	0	0	0	0	0	0	0	0	0	0	0	0	0	0	0	0	0	0	0	0	0	0	0	0	0
OTU97	0	0	0	0	0	0.729668329	0	0	0	0.748389675	0	0	0	0	0	0.730336356	0	0	0	0	0	0	0	0	0	0	0	0	0	0	0	0	0	0	0	0	0	0	0	0	0	0	0	0	0	0	0	0	0	0	0	0	0	0	0	0	0.74547195	0	0	0	0	0	0	0	0	0	0	0	0	0	0	0	0	0	0	0	0	0	0	0	0	0	0	0	0	0	0	0	0	0	0	0	0	0	0	0	0	0.702886784	0	0	0	0	0	0	0	0	0	0	0	0	0	0	0	0	0	0	0	0	0	0	0	0	0	0	0	0	0	0	0	0	0	0	0	0	0	0	0	0	0	0	0	0	0	0	0	0	0	0	0	0	0	0	0	0	0	0	0	0	0	0	0	0
OTU80	0.775106236	0	0	0	0	0	0	0	0	0	0	0	0.740144771	0	0	0	0.75922339	0	0	0	0.746842516	0	0.755808704	0	0	0	0	0	0	0.821614731	0	0	0	0.704432627	0.705606094	0	0.707682161	0	0.705044259	0	0	0	0	0.741436454	0	0	0	0	0	0	0	0	0	0.774910306	0.788437475	0.771202627	0	0.720010292	0	0	0.784393865	0	0.77722605	0.765985613	0	0	0	0	0	0.739201076	0	0	0	0.740460214	0	0	0	0	0	0	0	0.743480093	0.75851193	0	0	0.708225202	0	0	0.766761723	0.738964204	0	0	0.733035123	0	0	0	0	0	0	0	0	0	0	0	0	0	0	0	0	0.731052248	0	0	0	0	0.704471718	0	0	0	0	0.74257563	0	0	0	0	0	0.721855696	0	0	0	0.708242222	0	0	0.721770553	0	0	0	0	0.730254001	0	0	0	0	0	0	0	0	0	0	0	0	0.730868191	0	0	0	0	0	0	0	0	0	0	0
OTU82	0	0	0.707105232	0	0	0	0	0	0	0	0	0	0	0	0	0	0	0	0	0	0	0	0	0	0	0	0	0	0	0	0	0	0	0	0	0	0	0	0	0	0	0	0	0	0	0	0	0	0	0	0	0	0	0	0	0	0	0	0	0	0	0	0	0	0	0	0	0	0	0	0	0	0	0	0	0	0	0	0	0	0	0	0	0	0	0	0	0	0	0	0	0	0	0	0	0	0	0	0	0	0	0	0	0	0	0	0	0	0	0	0	0	0	0	0	0	0	0	0	0	0	0	0	0	0	0	0	0	0	0	0	0	0	0	0	0	0	0	0	0	0	0	0	0	0	0	0	0	0	0	0	0	0	0	0	0	0	0	0	0	0	0
OTU90	0.854776391	0	0	0	0	0	0	0	0	0	0	0	0.784855791	0	0	0	0.877875461	0	0	0.836508214	0.85662974	0	0.873221055	0	0	0	0	0	0.778584214	0.772058593	0	0	0	0.764993973	0.816219321	0	0.818024118	0	0.845734285	0	0	0	0	0.826447963	0	0	0	0	0	0	0	0.774910306	0	0	0.849773177	0.796143601	0	0.814488513	0	0	0.815595149	0.739930788	0.817751585	0.761371968	0	0	0	0	0	0.837630783	0	0	0	0.842212092	0	0	0	0	0	0	0	0.799176425	0.788396606	0	0	0.714287273	0.753486455	0.737396275	0.763091996	0.771284785	0	0	0.805910063	0	0	0	0.759329035	0	0	0.711877183	0.765408918	0	0	0	0	0	0	0	0	0.793761705	0.734062726	0	0	0	0.714200641	0	0	0	0	0.75019972	0	0	0	0	0.735514622	0.747025763	0	0	0	0.730751938	0.809777871	0	0.799851942	0.746125183	0	0	0	0.744834479	0	0	0	0.738250288	0	0	0	0	0	0.705563008	0	0	0.725678836	0	0	0	0	0	0	0	0	0	0	0
OTU100	0.806251059	0	0	0	0	0	0	0	0	0	0	0	0.731632415	0	0	0	0.843221697	0	0	0.801926787	0.778907602	0	0.844244463	0	0	0	0	0	0.713280643	0.768170788	0	0	0	0	0.780195827	0	0.729790612	0	0.789882884	0	0	0	0	0.758833782	0	0	0	0	0	0	0	0.788437475	0	0.849773177	0	0.779908967	0	0.770236275	0	0	0.804021784	0	0.772032376	0.760546234	0	0	0	0	0	0.787915598	0	0	0	0.802253282	0	0	0	0	0	0	0	0.75743544	0.79201047	0	0	0.712868544	0.704921161	0.718536499	0.779989491	0.747767449	0	0	0.752394868	0	0	0	0	0	0	0	0	0	0	0	0	0	0	0.730159202	0	0.770584661	0.734302614	0	0	0	0.731200102	0	0	0	0	0.751332712	0	0	0	0	0.727098615	0.724749685	0	0	0	0	0.815490684	0	0.780243314	0.760424093	0	0	0	0	0	0	0	0.782990243	0	0	0	0	0	0	0	0	0.724315592	0	0	0	0	0	0	0	0	0	0	0
OTU83	0.822016819	0	0	0	0	0	0	0	0	0	0	0	0.754602431	0	0	0	0.804463524	0	0	0.74011093	0.803924273	0	0.752761712	0	0	0	0	0	0	0.759577926	0	0	0	0.753205316	0.812587119	0	0.780237157	0	0.807093284	0.700606845	0	0	0	0.800337791	0.709859562	0	0	0	0	0	0	0.771202627	0	0.796143601	0.779908967	0	0	0	0	0	0.800073788	0.721759808	0.778396056	0.784304964	0	0	0	0	0	0.777112308	0	0	0	0.844730054	0	0	0	0	0	0	0	0.777766346	0.726915097	0	0	0	0.750922138	0	0.756865425	0.70244472	0	0	0.79952979	0.713966047	0	0	0	0	0	0	0	0	0	0	0	0	0	0	0	0.724397829	0	0	0	0	0	0	0	0	0	0.729419479	0	0	0	0	0	0.718798554	0	0	0	0	0.703493623	0	0.735430887	0	0.705620543	0	0	0.700958054	0	0	0	0	0	0	0.702180754	0	0	0	0.700674292	0	0	0	0	0	0	0	0	0	0	0	0	0
OTU121	0	0	0	0	0	0.729992032	0	0	0	0.742073326	0	0	0	0	0	0	0	0	0	0	0	0	0	0	0	0	0	0	0	0	0	0	0	0	0	0	0	0	0	0	0	0	0	0	0	0	0	0	0	0	0.74547195	0	0	0	0	0	0	0	0	0	0	0	0	0	0	0	0	0	0	0	0	0	0	0	0	0	0	0	0	0	0	0	0	0	0	0	0	0	0	0	0	0	0	0	0	0	0	0	0	0	0	0	0	0	0	0	0	0	0	0	0	0	0	0	0	0	0	0	0	0	0	0	0	0	0	0	0	0	0	0	0	0	0	0	0	0	0	0	0	0	0	0	0	0	0	0	0	0	0	0	0	0	0	0	0	0	0	0	0	0	0	0
OTU94	0.779316699	0	0	0	0	0	0	0	0	0	0	0	0	0	0	0	0.801113452	0	0	0.797060776	0.765028118	0	0.807068697	0	0	0	0	0	0.726786544	0.740715013	0	0	0	0	0.740930729	0	0.748183314	0	0.761741723	0	0	0	0	0.724930214	0	0	0	0	0	0	0	0.720010292	0	0.814488513	0.770236275	0	0	0	0	0	0.77460454	0	0.737934168	0	0	0	0	0	0	0.737527697	0	0	0	0.758197106	0	0	0	0	0	0	0	0.701251626	0.739650072	0	0	0	0	0.715445014	0.72984501	0.73901129	0	0	0.730997238	0	0	0	0.749065815	0	0	0	0	0	0	0	0	0	0	0.739308683	0	0.718177491	0.777799346	0	0	0	0.702452494	0	0	0	0	0	0	0	0	0	0	0.747426005	0	0	0	0	0.710377581	0	0	0	0	0	0	0	0	0	0	0	0	0	0	0	0	0	0	0	0	0	0	0	0	0	0	0	0	0	0	0
OTU159	0	0	0	0	0	0	0	0	0	0	0	0.746560884	0	0	0	0	0	0	0	0	0	0	0	0	0	0	0	0	0	0	0	0	0	0	0	0	0	0	0	0	0	0	0	0	0	0	0	0	0	0	0	0	0	0	0	0	0	0	0	0	0	0	0	0	0	0	0	0	0	0	0	0	0	0	0	0	0	0	0	0	0	0	0	0	0	0	0	0	0	0	0	0	0	0	0	0	0	0	0	0	0	0	0	0	0	0	0	0	0	0	0	0	0	0	0	0	0	0	0	0	0	0	0	0	0	0	0	0	0	0	0	0	0	0	0	0	0	0	0	0	0	0	0	0	0	0	0	0	0	0	0	0	0	0	0	0	0	0	0	0	0	0
OTU111	0.752312334	0	0	0	0	0	0	0	0	0	0	0	0	0	0	0	0.716712518	0	0	0	0.716531168	0	0	0	0	0	0	0	0	0.785759358	0	0	0	0	0	0	0.702400886	0	0	0	0	0	0	0	0	0	0	0	0	0	0	0	0	0	0	0	0	0	0	0	0.729398679	0	0.711696464	0.723603704	0	0	0	0	0	0.742382193	0	0	0	0	0	0	0	0	0.736936033	0	0	0	0.703481817	0	0	0	0	0	0	0	0	0	0.72453837	0.701781622	0	0.708326227	0	0	0	0	0	0	0	0	0	0	0	0	0	0	0	0	0	0	0	0	0	0	0	0	0	0	0	0	0	0	0	0	0	0.720460848	0	0.724810234	0	0	0	0	0	0.733215872	0	0	0	0	0	0	0	0	0	0	0	0	0	0	0	0	0	0	0	0	0	0	0	0
OTU92	0.861100066	0	0	0	0	0	0	0	0	0	0	0	0.799494268	0	0	0	0.841764529	0	0	0.785151001	0.816773253	0	0.806508144	0	0	0	0	0	0.738118178	0.793268245	0	0	0	0.80234884	0.778945109	0	0.810777485	0	0.796167048	0.73623664	0	0	0	0.813392626	0.7323936	0	0	0	0	0	0	0.784393865	0	0.815595149	0.804021784	0.800073788	0	0.77460454	0	0.729398679	0	0.761594889	0.813876457	0.814058675	0	0	0	0	0	0.794154702	0	0	0	0.812506266	0	0	0	0	0.706726543	0	0	0.765639609	0.773680425	0	0	0.736970419	0.750080093	0.716696395	0.762655538	0.752154017	0	0.706469813	0.792752535	0.730011048	0	0	0	0	0	0	0	0	0	0	0	0	0	0	0	0.730971881	0.714848165	0	0	0	0.717990309	0	0	0	0	0.794238224	0	0	0	0	0.714799446	0.740754654	0	0	0	0.724223202	0.725459013	0	0.774602239	0	0.706157647	0	0	0.722514808	0	0	0	0	0	0	0	0	0	0	0.732527569	0	0.749929112	0	0	0	0	0.711038051	0	0	0	0	0	0
OTU43	0.730637803	0	0	0	0	0	0	0	0	0	0	0	0	0	0	0	0.738187685	0	0	0	0.732086807	0	0.712560075	0	0	0	0	0	0	0.701688623	0	0	0	0.734129748	0	0	0.715585994	0	0.701327225	0	0	0	0	0	0	0	0	0	0	0	0	0	0	0.739930788	0	0.721759808	0	0	0	0	0.761594889	0	0.725392705	0.702133295	0	0	0	0	0	0	0	0	0	0.724040331	0	0	0	0	0	0	0	0	0	0	0	0	0.700914704	0	0	0	0	0	0	0	0	0	0	0	0	0	0	0	0	0	0	0	0	0	0	0	0	0	0	0	0	0	0	0	0	0	0	0	0	0	0	0	0	0	0	0	0	0	0	0	0	0	0	0	0	0	0	0	0	0	0	0	0	0	0	0	0	0	0	0	0	0	0	0	0	0	0	0
OTU72	0.834097825	0	0	0	0	0	0	0	0	0	0	0	0.749378951	0	0	0	0.832695765	0	0	0.712355954	0.821777433	0	0.804278173	0	0	0	0	0	0	0.803772167	0	0	0	0.747428889	0.782430844	0	0.776838747	0	0.766642231	0	0	0	0	0.760653111	0	0	0	0	0	0	0	0.77722605	0	0.817751585	0.772032376	0.778396056	0	0.737934168	0	0.711696464	0.813876457	0.725392705	0	0.79302746	0	0	0	0	0	0.814440238	0	0	0	0.795961344	0	0	0	0	0	0	0	0.790900424	0.813315623	0	0	0.752109579	0.731317873	0.700010444	0.807429825	0.72658619	0	0	0.775283339	0	0	0	0	0	0	0	0	0	0	0	0	0	0	0	0	0.750006027	0	0	0	0	0.70419229	0	0	0	0	0.759925402	0	0	0	0	0.727730682	0.738476063	0	0	0	0.732486939	0.723595907	0	0.765717512	0	0	0	0	0.743497436	0	0	0	0	0	0	0.712239627	0	0	0.721194258	0.701382319	0	0.736493806	0	0	0	0	0	0	0	0	0	0	0
OTU55	0.765755597	0	0	0	0	0	0	0	0	0	0	0	0.785274985	0	0	0	0.75948705	0	0	0	0.743902207	0	0.747074143	0	0	0	0	0	0	0.754955215	0	0	0	0.768860197	0.703807531	0	0.726159165	0	0.746124572	0.721142272	0	0	0	0	0	0	0	0	0	0	0	0.765985613	0	0.761371968	0.760546234	0.784304964	0	0	0	0.723603704	0.814058675	0.702133295	0.79302746	0	0	0	0	0	0	0.808669989	0	0	0	0.738313005	0	0	0	0	0	0	0	0.75829857	0.747407549	0	0	0	0.748184624	0	0.724382604	0	0	0.723198435	0.746296279	0	0	0	0	0	0	0	0	0	0	0	0	0	0	0	0	0.723524864	0	0	0	0	0	0	0	0	0	0.756412626	0	0	0	0	0	0	0	0	0	0	0	0	0.712863049	0	0	0	0	0	0	0	0	0	0	0	0	0	0	0	0.716410371	0	0.728128706	0	0	0	0	0	0	0	0	0	0	0
OTU64	0	0	0	0	0.861267813	0	0	0	0	0	0.817736124	0	0	0	0	-0.722353936	0	0	0	0	0	0.778557531	0	0	0	0	0	0	0	0	0	-0.743868487	0	0	0	0.718585008	0	0.821704475	0	0	0	0.830289638	0.789561078	0	0	0	0	0	0	0	0	0	0	0	0	0	0	0	0	0	0	0	0	0	0	0	0	0	0	0	0	0	0	0	0	0	0	0	0	-0.732339623	0	0	0	0	0	0	0	0	0	0	0	0	0	0	0	0	0	0	0	0	0	0	0	0	0	0	0	0	0	0	0	0	0	0	0	0	0	0	0	0	0	0	0	0	0	0	0	0	0	0	0	0	0	0	0	0	0	0	0	0	0	0	0	0	0	0	0	0	0	0	0	0	0	0	0	0	0	0	0	0	0	0
OTU134	0	0	0	0	0	0	0	0	0	0	0	0	0	0	0	0	0	0	0	0	0	0	0	0	0	0	0	0	0	0	0	0	0	0	0	0	0	0	0	0	0	0	0	0	0	0	0	0	0	0	0	0	0	0	0	0	0	0	0	0	0	0	0	0	0	0	0	0	0	0	0	0	0	0	0	0	0.702495144	0	0	0	0	0	0	0	0	0	0	0	0	0	0	0	0	0	0	0	0	0	0	0	0	0	0	0	0	0	0	0	0	0	0	0	0	0	0	0	0	0	0	0	0	0	0	0	0	0	0	0	0	0	0	0	0	0	0	0	0	0	0	0	0	0	0	0	0	0	0	0	0	0	0	0	0	0	0	0	0	0	0	0	0	0
OTU112	0	0	0.756048613	0	0	0	0	0	0	0	0	0	0	0	0	0	0	0	0	0	0	0	0	0	0	0	0	0	0	0	0	0	0	0	0	0	0	0	0	0	0	0	0	0	0	0	0	0	0	0	0	0	0	0	0	0	0	0	0	0	0	0	0	0	0	0	0	0	0	0	0	0	0	0	0	0	0	0	0	0	0	0	0	0	0	0	0	0	0	0	0	0	0	0	0	0	0	0	0	0	0	0	0	0	0	0	0	0	0	0	0	0	0	0	0	0	0	0	0	0	0	0	0	0	0	0	0	0	0	0	0	0	0	0	0	0	0	0	0	0	0	0	0	0	0	0	0	0	0	0	0	0	0	0	0	0	0	0	0	0	0	0
OTU215	0	0	0	0	0	0	0	0	0	0	0	0.716630153	0	0	0	0	0	0	0	0	0	0	0	0	0	0	0	0	0	0	0	0	0	0	0	0	0	0	0	0	0	0	0	0	0	0	0	0	0	0	0	0	0	0	0	0	0	0	0	0	0	0	0	0	0	0	0	0	0	0	0	0	0	0	0	0	0	0	0	0	0	0	0	0	0	0	0	0	0	0	0	0	0	0	0	0	0	0	0	0	0	0	0	0	0	0	0	0	0	0	0	0	0	0	0	0	0	0	0	0	0	0	0	0	0	0	0	0	0	0	0	0	0	0	0	0	0	0	0	0	0	0	0	0	0	0	0	0	0	0	0	0	0	0	0	0	0	0	0	0	0	0
OTU180	0	0	0	0	0	0	0	0	0	0	0	0	0	0	0	0	0	0	0	0	0	0	0	0	0	0	0	0	0	0	0.725727235	0	0	0	0	0	0	0	0	0	0	0	0	0	0	0	0	0	0	0.722780052	0	0	0	0	0	0	0	0	0	0	0	0	0	0	0	0	0	0	0	0	0	0	0	0	0	0	0	0.71390238	0	0	0	0	0	0	0	0	0	0	0	0	0	0	0	0	0	0	0	0	0	0	0	0	0	0	0	0	0	0	0	0	0	0	0	0	0	0	0	0	0	0	0	0	0	0	0	0	0	0	0	0	0	0	0	0	0	0	0	0	0	0	0	0	0	0	0	0	0	0	0	0	0	0	0	0	0	0	0	0	0	0	0	0
OTU137	0.812369601	0	0	0	0	0	0	0	0	0	0	0	0.759412839	0	0	0	0.806503918	0	0	0.71336089	0.797277427	0	0.780365281	0	0	0	0	0	0.714047437	0.786985661	0	0	0	0.755373703	0.753380043	0	0.773235947	0	0.77780132	0	0	0	0	0.75486361	0	0	0	0	0	0	0	0.739201076	0	0.837630783	0.787915598	0.777112308	0	0.737527697	0	0.742382193	0.794154702	0	0.814440238	0.808669989	0	0	0	0	0	0	0	0	0	0.794369204	0	0	0	0	0.72221881	0	0	0.768904178	0.766132766	0	0	0	0.736432495	0	0.763173275	0.761771611	0	0	0.791905331	0	0	0	0	0	0	0	0	0	0	0	0	0	0	0	0	0.709623721	0	0	0	0	0	0	0	0	0	0.753849149	0	0	0	0	0	0.711277949	0	0	0	0.700695655	0.712046536	0	0.75338255	0	0	0	0	0.719709479	0	0	0	0	0	0	0	0	0	0	0.735901372	0	0.738975451	0	0	0	0	0	0	0	0	0	0	0
OTU178	0	0	0	0	0	0.838058235	0	0	0	0.725698147	0	0	0	0	0	0.82454689	0	0	0	0	0	0	0	0.803254736	0	0	0	0	0	0	0	0.750500123	0	0	0	0	0	0	0	0	0	0	-0.745375165	0	0	0	0	0.754415086	0.740062809	0	0	0	0	0	0	0	0	0	0	0	0	0	0	0	0	0	0	0	0	0	0	0	0	0	0	0	0.76409316	0	0	0.734966912	0.75368943	0	0	0	0	0	0	0	0	0	0	0	0	0	0	0	0	0	0	0	0	0	0	0	0.716541966	0	0	0	0.742997215	0	0	0	0	0	0	0	0	0	0	0	0	0	0	0	0	0	0	0	0	0	0	0	0	0	0	0	0	0	0	0	0	0	0.708422419	0	0	0	0	0	0	0	0	0	0	0	0	0	0	0	0	0	0	0
OTU227	0	0	0	0	0	0	0	0	0	0	0	0	0	0	0	0	0	0	0	0	0	0	0	0	0	0	0	0	0	0	0	0	0	0	0	0	0	0	0	0	0	0	0	0	0	0	0	0	0	0	0	0	0	0	0	0	0	0	0	0	0	0	0	0	0	0	0	0	0	0	0	0	0	0	0	0.732045886	0	0	0	0	0	0	0	0	0	0	0	0	0	0	0	0	0	0	0	0	0	0	0	0	0	0	0	0	0	0	0	0	0	0	0	0	0	0	0	0	0	0	0	0	0	0	0	0	0	0	0	0	0	0	0	0	0	0	0	0	0	0	0	0	0	0	0	0	0	0	0	0	0	0	0	0	0	0	0	0	0	0	0	0	0	0
OTU282	0	0	0	0.801366316	0	0	0	0	0	0	0	0	0	0.752368088	0	0	0	0	0	0	0	0	0	0	0	0	0	0	0	0	0	0	0	0	0	0	0	0	0	0	0	0	0	0	0	0	0	0.703943012	0	0	0	0	0	0	0	0	0	0	0	0	0	0	0	0	0	0	0	0	0	0	0	0	0	0	0	0	0	0	0	0	0	0	0	0.700708267	0	0	0	0	0	0	0	0	0	0	0	0	0	0	0	0	0	0	0	0	0	0	0	0	0	0	0	0	0	0	0	0	0	0	0	0	0	0	0	0	0	0	0	0	0	0	0	0	0	0	0	0	0	0	0	0	0	0	0	0	0	0	0	0	0	0	0	0	0	0	0	0	0	0	0	0	0	0
OTU73	0.883410012	0	0	0	0	0	0	0	0	0	0	0	0.795594835	0	0	0	0.867371743	0	0	0.805664856	0.860289643	0	0.830854419	0	0	0	0	0	0.77396045	0.755634045	0	0	0	0.805209271	0.844349337	0	0.828577589	0	0.862204275	0	0	0	0	0.803299896	0	0	0	0	0	0	0	0.740460214	0	0.842212092	0.802253282	0.844730054	0	0.758197106	0	0	0.812506266	0.724040331	0.795961344	0.738313005	0	0	0	0	0	0.794369204	0	0	0	0	0	0	0	0	0	0	0	0.784846571	0.740334202	0	0	0	0.74516367	0	0.76266682	0.743992047	0	0	0.800923483	0	0	0	0	0	0	0	0	0	0	0	0	0	0	0	0	0.749899164	0.716517785	0	0	0	0	0	0	0	0	0.722293974	0	0	0	0	0.713586505	0.735373615	0	0	0	0	0.713066829	0	0.723033904	0	0.700814176	0	0	0.706469811	0	0	0	0	0	0	0	0	0	0	0	0	0.722531372	0	0	0	0	0	0	0	0	0	0	0
OTU119	0	0	0	0	0	0	0	0.704172002	0	0	0	0.767137651	0	0	0	0	0	0	0	0	0	0	0	0	0	0.705650678	0	0	0	0	0	0	0	0	0	0	0	0	0	0	0.733420159	0	0	0	0	0	0.750760243	0	0	0	0	0	0	0	0	0	0	0	0	0	0	0	0	0	0	0	0	0	0	0	0	0	0	0	0	0	0	0	0	0	0	0	0	0	0	0	0	0	0	0	0	0	0	0	0	0	0	0	0	0	0	0	0	0	0	0	0	0	0	0	0	0	0	0	0	0	0	0	0.720584459	0	0	0	0	0	0	0	0	0	0	0	0	0	0	0	0	0	0	0	0.763493975	0	0	0	0	0	0	0	0	0	0	0	0	0	0	0	0	0	0.709265983	0.712307601	0	0	0	0
OTU214	0	0	0	0	0	0	0	0	0	0	0	0	0	0	0	0	0	0	0	0	0	0	0	0	0	0	0	0	0	0	0	0	0	0	0	0	0	0	0	0	0	0	0	0	0	0	0	0	0	0	0	0	0	0	0	0	0	0	0	0	0	0	0	0	0	0	0	0	0	0	0	0.732045886	0	0	0	0	0	0	0	0	0	0	0	0	0	0	0	0	0	0	0	0	0	0	0	0	0	0	0	0	0	0	0	0	0	0	0	0	0	0	0	0	0	0	0	0	0	0	0	0	0	0	0	0	0	0	0	0	0	0	0	0	0	0	0	0	0	0	0	0	0	0	0	0	0	0	0	0	0	0	0	0	0	0	0	0	0	0	0	0	0	0
OTU176	0	0	0	0	0	0.82697373	0	0	0	0	0	0	0	0.724194521	0	0.811481885	0	0	0	0	0	0	0	0.783928482	0	0	0	0.711989611	0	0	0	0.722112826	0	0	0	0	0	0	0	0	0	0	0	0	0	0	0	0.803378914	0.778122356	0	0	0	0	0	0	0	0	0	0	0	0	0	0	0	0	0.702495144	0	0	0	0	0.76409316	0	0	0	0	0	0	0	0	0.716238011	0.791883599	0	0	0.767497877	0	0	0	0	0	0	0.71274826	0	0	0	0	0	0	0	0.715638666	0	0	0	0	0	0.722548452	0	0	0	0.745871313	0	0	0	0.746451971	0	0	0	0	0	0	0	0.726653224	0.758612475	0	0	0	0	0	0	0	0	0	0	0	0	0	0	0	0	0	0	0	0	0	0	0	0	0	0	0	0	0	0	0	0	0	0	0	0	0	0	0	0
OTU247	0	0	0	0	0	0	0	0	0	0	0	0	0	0	0	0	0	0	0	0	0	0	0	0	0	0	0	0	0	0	0	0	0	0	0	0	0	0	0	0	0	0	0	0	0	0	0	0	0	0	0	0	0	0	0	0	0	0	0	0	0	0	0	0	0	0	0	0	0.71390238	0	0	0	0	0	0	0	0	0	0	0	0	0	0	0	0	0	0	0	0	0	0	0	0	0	0	0	0	0	0	0	0	0	0	0	0	0	0	0	0	0	0	0	0	0	0	0	0	0	0	0	0	0	0	0	0	0	0	0	0	0	0	0	0	0	0	0	0	0	0	0	0	0	0	0	0	0	0	0	0	0	0	0	0	0	0	0	0	0	0	0	0	0
OTU135	0	0	0	0	0	0	0	0	0	0	0	0	0	0	0	0	0	0	0	0	0	0	0	0	0	0	0	0	0	0.713901123	0	0	0	0	0	0	0	0	0	0	0	0	0	0	0	0	0	0	0	0	0	0	0	0	0	0	0	0	0	0.736936033	0.706726543	0	0	0	0	0	0	0	0	0.72221881	0	0	0	0	0	0	0	0	0	0	0	0	0	0	0	0	0	0	0	0	0	0	0	0.717976656	0	0.724997972	0	0	0	0	0	0	0	0	0	0	0	0	0	0	0	0	0	0	0	0	0	0	0	0.725170066	0	0	0	0	0	0	0	0	0	0.714206757	0	0	0	0	0	0	0	0	0	0	0	0	0	0	0	0	0	0	0	0	0	0	0	0	0	0	0	0	0	0	0	0
OTU185	0	0	0	0.731492051	-0.714667838	0.823567229	0	0	0.721004707	0	0	0	0	0.738081241	0	0.791503136	0	0	0	0	0	0	0	0.723411282	0	0	0	0	0	0	0	0.8108573	0	0	0	-0.785109875	0	0	0	-0.708712655	0	-0.731274475	-0.754870701	0	-0.716194828	0	0	0.703957097	0	0	0	0	0	0	0	0	0	0	0	0	0	0	0	0	-0.732339623	0	0	0	0	0	0.734966912	0	0	0	0	0	0.716238011	0	0	0	0.713293164	0	0	0	0	0	0	0	0	0	0.734021021	0	0	0	0	0	0	0	0	0	0	0	0	0	0	0	0	0	0	0	0	0	0	0	0	0	0	0	0	0	0.709539714	0.716130331	0	0	0	0	0	0	-0.715510351	0	0	0	0	0	0	0	0	0	0	0	0	0	0	0	0	0	0	0	0	0	0	0	0	0	0	0	0	0	0	0	0	0
OTU183	0	0	0	0	0	0.792088307	0	0	0	0.71035632	0	0	0	0	0	0.801507545	0	0	0	0	0	0	0	0.823112421	0	0	0	0	0	0	0	0.710179478	0	0	0	0	0	0	0	0	0	0	0	0	0	0	0	0.781962834	0.771639319	0	0	0	0	0	0	0	0	0	0	0	0	0	0	0	0	0	0	0	0	0	0.75368943	0	0	0	0	0	0.791883599	0	0	0.713293164	0	0	0	0.744231541	0	0	0	0	0	0	0	0	0	0	0	0	0	0	0.716767794	0	0	0	0	0	0.713382333	0	0	0	0.723238574	0	0	0	0.748620338	0	0	0	0	0	0	0	0	0.725426426	0	0	0	0	0	0	0	0	0	0	0	0	0	0	0	0	0	0.723485811	0	0	0	0	0	0	0	0	0	0	0	0	0	0	0	0	0	0	0	0	0	0
OTU75	0.799288048	0	0	0	0	0	0	0	0	0	0	0	0.74919167	0	0	0	0.794413646	0	0	0.708540754	0.807996999	0	0.770635455	0	0	0	0	0	0	0.766785442	0	0	0	0.735476002	0.714253001	0	0.723627168	0	0.780852102	0.731427831	0	0	0	0.729229341	0	0	0	0	0	0	0	0.743480093	0	0.799176425	0.75743544	0.777766346	0	0.701251626	0	0	0.765639609	0	0.790900424	0.75829857	0	0	0	0	0	0.768904178	0	0	0	0.784846571	0	0	0	0	0	0	0	0	0.737075853	0	0	0.71041396	0.784038649	0	0.746945839	0	0	0	0.712880933	0	0	0	0	0	0	0	0	0	0	0	0	0	0	0	0	0.705542273	0	0	0	0	0	0	0	0	0	0.739357296	0	0	0	0	0.706002437	0	0	0	0	0	0	0	0.738814683	0	0	0	0	0.726926118	0	0	0	0	0	0	0.701145947	0	0	0	0	0	0.738514445	0	0	0	0	0	0	0	0	0	0	0
OTU77	0.758034659	0	0	0	0	0	0	0	0	0	0	0	0	0	0	0	0.803822012	0	0	0.738890406	0.779819932	0	0.79248945	0	0	0	0	0	0	0.811982565	0	0	0	0.700839534	0.73213978	0	0.755172204	0	0	0	0	0	0	0.714789008	0	0	0	0	0	0	0	0.75851193	0	0.788396606	0.79201047	0.726915097	0	0.739650072	0	0.703481817	0.773680425	0	0.813315623	0.747407549	0	0	0	0	0	0.766132766	0	0	0	0.740334202	0	0	0	0	0	0	0	0.737075853	0	0	0	0	0	0.727871252	0.811107542	0.750246817	0	0	0	0	0	0	0	0	0	0	0	0	0	0	0	0	0	0	0	0	0.720838665	0	0	0	0.746494738	0	0	0	0	0.72169351	0	0	0	0	0	0.7649551	0	0	0	0.742775158	0	0	0.707141313	0	0	-0.701539312	0	0.752733039	0	0	0	0	0	0	0	0	0	0	0	0	0.746240179	0	0	0.711789048	0	0	0	0	0	0	0	0
OTU250	0	0	0	0.73944671	0	0.812656361	0	0	0	0	0	0	0	0.821073858	0	0.773170631	0	0	0	0	0	0	0	0.742726605	0	0	0	0.75232898	0	0	0	0.724410141	0	0	0	0	0	0	0	0	0	0	-0.705932824	0	0	0	0	0.818075218	0.777306411	0	0	0	0	0	0	0	0	0	0	0	0	0	0	0	0	0	0	0	0	0	0	0	0.700708267	0	0	0	0.767497877	0	0	0	0.744231541	0	0	0	0.722369119	0	0	0	0	0	0.726349926	0	0	0	0	0	0	0	0	0	0	0	0	0	0.719806286	0	0	0	0.719901356	0	0	0	0.751766761	0	0	0	0	0	0	0	0.7191103	0.757408526	0.754191364	0	0	0	0	0	0	0	0	0	0	0	0	0	0	0	0	0	0	0	0	0	0	0	0	0	0	0	0	0	0	0	0	0	0	0	0	0	0	0
OTU271	0	0	0	0.775800105	0	0.747206716	0	0	0	0	0	0	0	0.762047858	0	0.715674979	0	0	0	0	0	0	0	0	0	0	0	0.707494795	0	0	0	0.703413107	0	0	0	0	0	0	0	0	0	0	0	0	0	0	0	0.766613761	0.728853891	0	0	0	0	0	0	0	0	0	0	0	0	0	0	0	0	0	0	0	0	0	0	0	0	0	0	0	0	0	0	0	0	0	0	0.722369119	0	0	0	0	0	0	0.707993144	0	0	0	0	0	0	0	0	0	0	0	0	0	0	0	0	0	0	0	0	0	0	0	0	0	0	0	0	0	0	0	0	0	0	0	0	0	0	0	0	0	0	0	0	0	0	0	0	0	0	0	0	0	0	0	0	0	0	0	0	0	0	0	0	0	0	0	0	0	0	0
OTU84	0.785984827	0	0	0	0	0	0	0	0	0	0	0	0	0	0	0	0.733255873	0	0	0	0.727434025	0	0	0	0	0	0	0	0	0.761642811	0	0	0	0	0	0	0	0	0	0	0	0	0	0	0	0	0	0	0	0	0	0.708225202	0	0.714287273	0.712868544	0	0	0	0	0	0.736970419	0	0.752109579	0	0	0	0	0	0	0	0	0	0	0	0	0	0	0	0	0	0	0.71041396	0	0	0	0	0	0	0.732672443	0.719975175	0	0	0	0	0	0	0	0	0	0	0	0	0	0	0	0	0	0	0	0	0	0	0	0	0	0	0	0	0	0	0	0	0	0	0	0	0	0	0	0	0	0	0.712445349	0	0	0	0	0	0	0	0	0	0	0	0	0	0	0	0	0	0	0	0	0	0	0	0	0	0	0	0	0
OTU42	0.77017177	0	0	0	0	0	0	0	0	0	0	0	0.757881138	0	0	0	0.763487926	0	0	0	0.772316493	0	0.740605843	0	0	0	0	0	0	0.701051193	0	0	0	0.741031388	0.716303106	0	0	0	0.713158701	0	0	0	0	0	0	0	0	0	0	0	0	0	0	0.753486455	0.704921161	0.750922138	0	0	0	0	0.750080093	0.700914704	0.731317873	0.748184624	0	0	0	0	0	0.736432495	0	0	0	0.74516367	0	0	0	0	0	0	0	0.784038649	0	0	0	0	0	0	0.710628944	0	0	0	0	0	0	0	0	0	0	0	0	0	0	0	0	0	0	0	0	0	0	0	0	0	0	0	0	0	0	0.711631547	0	0	0	0	0	0	0	0	0	0	0	0	0	0	0	0	0	0.741029027	0	0	0	0	0	0	0	0	0	0	0	0	0.714429904	0	0	0	0	0	0	0	0	0	0	0
OTU35	0.742119254	0	0	0	0	0	0	0	0	0	0	0	0	0	0	0	0.768025608	0	0	0.706163708	0.735530005	0	0.721049405	0	0	0	0	0	0	0.705830333	0	0	0	0	0.709668344	0	0.707326245	0	0.701878453	0	0	0	0	0	0	0	0	0	0	0	0	0	0	0.737396275	0.718536499	0	0	0.715445014	0	0	0.716696395	0	0.700010444	0	0	0	0	0	0	0	0	0	0	0	0	0	0	0	0	0	0	0	0.727871252	0	0	0	0	0	0	0.701807252	0	0	0	0	0	0	0	0	0	0	0	0	0	0	0	0	0	0	0	0	0.711060358	0	0	0	0	0	0	0	0	0	0	0	0	0	0	0	0	0	0	0	0	0	0	0	0	0	0	0	0	0	0	0	0	0	0	0	0	0	0	0	0	0	0	0	0	0	0	0	0	0	0	0
OTU91	0.812072093	0	0	0	0	0	0	0	0	0	0	0	0.720329132	0	0	0	0.787763242	0	0	0.742293579	0.79715548	0	0.795212121	0	0	0	0	0	0	0.783409772	0	0	0	0.705622055	0.767850228	0	0.766956799	0	0.736496061	0	0	0	0	0.728073902	0	0	0	0	0	0	0	0.766761723	0	0.763091996	0.779989491	0.756865425	0	0.72984501	0	0	0.762655538	0	0.807429825	0.724382604	0	0	0	0	0	0.763173275	0	0	0	0.76266682	0	0	0	0	0	0	0	0.746945839	0.811107542	0	0	0.732672443	0.710628944	0	0	0.736034524	0	0	0.747128364	0	0	0	0	0	0	0	0	0	0	0	0	0	0	0	0	0.703674022	0	0	0	0	0	0	0	0	0	0.715285468	0	0	0	0	0	0.719890819	0	0	0	0.707429941	0	0	0.730557761	0.702356511	0	-0.707042555	0	0.721473852	0	0	0	0	0	0	0	0	0	0	0	0	0.73445549	0	0	0	0	0	0	0	0	0	0	0
OTU191	0.78090743	0	0	0	0	0	0	0	0	0	0	0	0.721062593	0	0	0	0.77147097	0	0	0.763044853	0.770331477	0	0.765946651	0	0	0	0	0	0.718681752	0.787126957	0	0	0	0	0.773793605	0	0.745647082	0	0.756090496	0	0	0	0	0.728144323	0	0	0	0	0	0	0	0.738964204	0	0.771284785	0.747767449	0.70244472	0	0.73901129	0	0	0.752154017	0	0.72658619	0	0	0	0	0	0	0.761771611	0	0	0	0.743992047	0	0	0	0	0	0	0	0	0.750246817	0	0	0.719975175	0	0.701807252	0.736034524	0	0	0	0.719647576	0	0	0	0	0	0	0	0	0	0	0	0	0	0	0	0	0	0.736065057	0	0	0	0.719872891	0	0	0	0	0	0	0	0	0.702483633	0	0.717883661	0	0	0	0.709171866	0.752572106	0	0.712373846	0	0	0	0	0	0	0	0	0	0	0	0	0	0	0	0	0	0.710094482	0	0	0	0	0	0	0	0	0	0	0
OTU238	0	0	0	0.781799623	0	0.832963308	0	0	0	0	0	0	0	0.775617371	0	0.792072893	0	0	0	0	0	0	0	0	0	0	0	0.758690489	0	0	0	0.774213475	0	0	0	0	0	0	0	0	0	0	0	0	0	0	0	0.754434234	0.75281767	0	0	0	0	0	0	0	0	0	0	0	0	0	0	0	0	0	0	0	0	0	0	0	0	0	0	0	0.71274826	0	0	0.734021021	0	0	0	0.726349926	0.707993144	0	0	0	0	0	0	0	0	0	0	0	0	0	0	0	0	0	0	0	0	0	0	0	0.709482411	0	0	0	0.715179961	0	0	0	0	0.75069482	0	0	0	0.732589248	0	0	0	0	0	0.727598235	0	0	0	0	0	0	0	0	0	0	0	0	0	0	0	0	0	0	0	0	0	0	0	0	0	0	0	0	0	0	0	0	0	0
OTU147	0	0	0	0	0	0	0	0	0	0	0	0	0	0	0	0	0	0	0	0	0	0	0	0	0	0	0	0	0	0	0	-0.720918549	0	0	0	0.782659182	0	0	0	0.738522327	0	0	0.726784847	0	0	0	0	0	0	0	0	0	0	0	0	0	0	0	0	0	0.706469813	0	0	0.723198435	0	0	0	0	0	0	0	0	0	0	0	0	0	0	0	0	0	0	0	0	0	0	0	0	0	0	0	0	0	0	0	0	0	0	0	0	0	0	0	0	0	0	0	0	0	0	0	0	0	0	0	0	0	0	0	0	0	0	0	0	0	0	0	0	0	0	0	0	0	0	0	0	0	0	0	0	0	0	0	0	0	0	0	0	0	0	0	0	0	0	0	0	0	0	0	0	0	0
OTU129	0.858007189	0	0	0	0	0	0	0	0	0	0	0	0.778690508	0	0	0	0.815724042	0	0	0.748528159	0.804043594	0	0.763229048	0	0	0	0	0	0.725993571	0.758146324	0	0	0	0.775122683	0.795948661	0	0.78658789	0	0.80471798	0	0	0	0	0.807037663	0	0	0	0	0	0	0	0.733035123	0	0.805910063	0.752394868	0.79952979	0	0.730997238	0	0.72453837	0.792752535	0	0.775283339	0.746296279	0	0	0	0	0	0.791905331	0	0	0	0.800923483	0	0	0	0	0	0	0	0.712880933	0	0	0	0	0	0	0.747128364	0.719647576	0	0	0	0	0	0	0	0	0	0	0	0	0	0	0	0	0	0	0	0.75030832	0	0	0	0	0	0	0	0	0	0.730574008	0	0	0	0	0.70772645	0	0	0	0	0	0	0	0.705624351	0	0	0	0	0	0	0	0	0	0	0	0	0	0	0	0	0	0	0	0	0	0	0	0	0	0	0	0	0
OTU87	0.718779839	0	0	0	0	0	0	0	0	0	0	0	0.746310417	0	0	0	0	0	0	0	0.718321058	0	0	0	0	0	0	0	0	0.739882105	0	0	0	0	0	0	0.707285493	0	0	0.719190797	0	0	0	0	0	0	0	0	0	0	0	0	0	0	0	0.713966047	0	0	0	0.701781622	0.730011048	0	0	0	0	0	0	0	0	0	0	0	0	0	0	0	0	0	0.717976656	0	0	0	0	0	0	0	0	0	0	0	0	0	0	0	0	0	0	0	0	0	0	0	0	0	0	0	0	0	0	0	0	0	0	0	0	0	0	0	0	0	0	0	0	0	0	0	0	0	0	0	0	0	0	0	0	0	0	0	0	0	0	0	0	0	0	0	0	0	0	0	0	0	0	0	0	0	0	0	0	0	0	0
OTU148	0	0	0	0	0	0	0	0	0	0	0	0	0	0	0	0	0	0	0	0	0	0	0	0	0	0	0	0	0	0	0	0	0	0	0	0	0	0	0	0	0	0	0	0	0	0	0	0	0	0	0	0	0	0	0	0	0	0	0	0	0	0	0	0	0	0	0	0	0	0	0	0	0	0	0	0	0	0	0	0	0	0	0	0	0	0	0	0	0	0	0	0	0	0	0	0	0	0	0	0	0	0.711389556	0	0	0	0	0	0	0	0	0	0	0	0	0	0	0	0	0	0	0	0	0	0	0	0	0	0	0	0.712755446	0	0	0	0	0	0	0	0	0	0	0	0	0	0	0	0	0	0	0	0	0	0	0	0	0	0	0	0	0	0	0	0
OTU164	0	0	0	0	0	0	0	0	0	0	0	0	0	0	0	0	0	0	0	0	0	0	0	0	0	0	0	0	0	0	0	0	0	0	0	0	0	0	0	0	0	0	0	0	0	0	0	0	0	0	0	0	0	0	0	0	0	0	0	0.708326227	0	0	0	0	0	0	0	0	0	0	0	0	0	0	0	0	0	0	0.724997972	0	0	0	0	0	0	0	0	0	0	0	0	0	0	0	0	0	0	0	0	0	0	0	0	0	0	0	0	0	0	0	0	0	0	0	0	0	0	0	0	0	0	0	0	0	0	0	0	0	0	0	0	0.7068917	0	0	0	0	0	0	0	0	0	0	0	0	0	0	0	0	0	0	0	0	0	0	0	0	0	0	0	0	0	0
OTU85	0.720796234	0	0	0	0	0	0	0	0	0	0	0	0	0	0	0	0.762913469	0	0	0.779408265	0.726307496	0	0.766855323	0	0	0	0	0	0.71808212	0	0	0	0	0	0.734825249	0	0	0	0.737385042	0	0	0	0	0.706149967	0	0	0	0	0	0	0	0	0	0.759329035	0	0	0	0.749065815	0	0	0	0	0	0	0	0	0	0	0	0	0	0	0	0	0	0	0	0	0	0	0	0	0	0	0	0	0	0	0	0	0	0	0	0	0	0	0	0	0	0.739029965	0	0	0	0	0	0	0	0	0	0	0	0	0	0	0	0	0	0	0	0	0	0	0	0	0	0	0	0	0	0	0	0	0	0	0	0	0	0	0	0	0	0	0	0	0	0	0	0	0	0	0	0	0	0	0	0	0	0	0	0	0	0
OTU179	0	0	0	0	0	0	0	0	0	0.701686815	0	0	0	0	0	0	0	0	0	0	0	0	0	0	0	0	0	0	0	0	0	0	0	0	0	0	0	0	0	0	0	0	0	0	0	0	0	0	0	0	0.702886784	0	0	0	0	0	0	0	0	0	0	0	0	0	0	0	0	0	0	0	0	0	0	0	0	0	0	0	0	0	0	0	0	0	0	0	0	0	0	0	0	0	0	0	0	0	0	0	0	0	0	0	0	0	0	0	0	0	0	0	0	0	0	0	0	0	0	0	0	0	0	0	0	0	0	0	0	0	0	0	0	0	0	0	0	0	0	0	0	0	0	0	0	0	0	0	0	0	0	0	0	0	0	0	0	0	0	0	0	0	0	0
OTU257	0	0	0	0	0	0.749102034	0	0	0	0	0	0	0	0	0	0.719835518	0	0	0	0	0	0	0	0.770862084	0	0	0	0	0	0	0	0	0	0	0	0	0	0	0	0	0	0	-0.721365311	0	0	0	0	0.726121803	0	0	0	0	0	0	0	0	0	0	0	0	0	0	0	0	0	0	0	0	0	0	0	0	0	0	0	0	0.715638666	0	0	0	0.716767794	0	0	0	0	0	0	0	0	0	0	0	0	0	0	0	0	0	0	0	0	0	0	0	0	0	0	0	0	0	0	0	0	0	0	0	0	0	0	0	0	0	0	0	0	0	0	0	0	0	0	0	0	0	0	0	0	0	0	0	0	0	0	0	0	0	0	0	0	0	0	0	0	0	0	0	0	0	0	0	0	0
OTU127	0	0	0	0	0	0	0	0	0	0	0	0	0	0	0	0	0.719540196	0	0	0.752394117	0	0	0.743654488	0	0	0	0	0	0.70150425	0	0	0	0	0	0	0	0	0	0	0	0	0	0	0	0	0	0	0	0	0	0	0	0	0.711877183	0	0	0	0	0	0	0	0	0	0	0	0	0	0	0	0	0	0	0	0	0	0	0	0	0	0	0	0	0	0	0	0	0	0	0	0	0	0	0	0	0	0	0.739029965	0	0	0	0.728582245	0	0	0	0	0	0	0	0	0	0	0	0	0	0	0	0	0	0	0	0	0	0	0	0	0	0	0	0	0	0	0	0	0	0	0	0	0	0	0	0	0	0	0	0	0	0	0	0	0	0	0	0	0	0	0	0	0	0	0	0	0
OTU118	0	0	0	0	0	0	0	0	0	0	0	0	0	0	0	0	0.709124479	0	0	0.729654006	0	0	0.754850987	0	0	0	0	0	0	0	0	0	0	0	0.707657759	0	0	0	0.721236646	0	0	0	0	0	0	0	0	0	0	0	0	0	0	0.765408918	0	0	0	0	0	0	0	0	0	0	0	0	0	0	0	0	0	0	0	0	0	0	0	0	0	0	0	0	0	0	0	0	0	0	0	0	0	0	0	0	0	0	0	0	0	0.728582245	0	0	0	0	0	0	0	0	0	0	0	0	0	0	0	0	0	0	0	0	0	0	0	0	0	0	0	0	0	0	0	0	0	0	0	0	0	0	0	0	0	0	0	0	0	0	0	0	0	0	0	0	0	0	0	0	0	0	0	0	0	0
OTU110	0	0	0	0	0	0	0	0	0	0	0	0	0	0	0	0	0	0	0	0	0	0	0	0	0	0	0	0	0	0	0	0	0	0	0	0	0	0	0	0	0	0	0	0	0	0	0	0	0	0	0	0	0	0	0	0	0	0	0	0	0	0	0	0	0	0	0	0	0	0	0	0	0	0	0	0	0	0	0	0	0	0	0	0	0	0	0	0	0	0	0	0	0	0	0.711389556	0	0	0	0	0	0	0	0	0	0	0	0	0	0	0	0	0	0	0	0	0	0	0	0	0	0	0	0	0	0	0	0	0	0	0	0	0	0	0	0	0	0	0	0	0	0	0	0	0	0	0	0	0	0	0	0	0	0	0	0	0	0	0	0	0	0	0
OTU224	0	0	0	0	0	0	0	0	0	0	0	0	0	0	0	0	0	0	0	0	0	0	0	0	0	0	0.710799299	0	0	0	0	0	0	0	0	0	0	0	0	0	0	0	0	0	0	0	0	0	0	0	0	0	0	0	0	0	0	0	0	0	0	0	0	0	0	0	0	0	0	0	0	0	0	0	0	0	0	0	0	0	0	0	0	0	0	0	0	0	0	0	0	0	0	0	0	0	0	0	0	0	0	0	0	0	0	0	0	0	0	0	0	0	0	0	0	0	0	0	0	0	0	0	0	0	0	0	0	0	0	0	0	0	0	0	0	0	0	0	0	0	0	0	0	0	0	0	0	0	0	0	0	0	0	0	0	0	0	0	0	0	0	0
OTU117	0	0	0	0	0	0	0	0	0	0	0	0	0	0	0	0	0	0	0	0	0	0	0	0	0	0	0	0	0	0	0	0	0	0	0	0	0	0	0	0	0	0	0	0	0	0	0.751835075	0	0	0	0	0	0	0	0	0	0	0	0	0	0	0	0	0	0	0	0	0	0	0	0	0	0	0	0	0	0	0	0	0	0	0	0	0	0	0	0	0	0	0	0	0	0	0	0	0	0	0	0	0	0	0	0	0	0	0	0	0	0	0	0	0	0	0	0	0	0	0	0	0	0	0	0	0	0	0	0	0	0	0	0	0	0	0	0	0	0	0	0	0	0	0	0	0	0	0	0	0	0	0	0	0	0	0	0	0	0	0	0	0	0	0
OTU228	0	0	0	0	0	0.774956006	0	0	0	0	0	0	0	0	0	0.718657942	0	0	0	0	0	0	0	0.770883025	0	0	0	0.714578928	0	0	0	0	0	0	0	0	0	0	0	0	0	0	0	0	0	0	0	0.713872885	0.705563628	0	0	0	0	0	0	0	0	0	0	0	0	0	0	0	0	0	0	0	0	0	0.716541966	0	0	0	0	0	0.722548452	0	0	0	0.713382333	0	0	0.719806286	0	0	0	0	0	0	0	0	0	0	0	0	0	0	0	0	0	0	0	0	0	0	0	0	0	0	0	0	0	0	0	0	0	0	0	0	0	0.714939372	0	0	0	0	0	0	0	0	0	0	0	0	0	0	0.70640148	0	0	0	0	0	0	0.706702006	0	0	0	0	0	0	0	0	0	0	0	0	0	0	0	0	0	0
OTU388	0	0	0	0	0	0	0	0	0	0	0	0	0	0	0	0	0	0	0	0	0	0	0	0	0	0	0	0	0	0	0	0.709385042	0	0	0	0	0	0	0	0	0	0	0	0	-0.73245323	0	0	0	0	0	0	0	0	0	0	0	0	0	0	0	0	0	0	0	0	0	0	0	0	0	0	0	0	0	0	0	0	0	0	0	0	0	0	0	0	0	0	0	0	0	0	0	0	0	0	0	0	0	0	0	0	0	0	0	0	0	0	0	0	0	0	0	0	0	0	0	0	0	0	0	0	0	0	0	0	0	0	0	0	0	0	0	0	0	0	0	0	0	0	0	0	0	0	0	0	0	0	0	0	0	0	0	0	0	0	0	0	0	0	0	0	0
OTU38	0	0	0	0	0	0	0	0	0	0	0	0	0	0	0	0	0	0	0	0	0	0	0	0	0	0	0	0	0	0	0	0	0	0	0	0	0	0.705969758	0	0	0	0	0	0	0	0	0	0	0	0	0	0	0	0	0	0	0	0	0	0	0	0	0	0	0	0	0	0	0	0	0	0	0	0	0	0	0	0	0	0	0	0	0	0	0	0	0	0	0	0	0	0	0	0	0	0	0	0	0	0	0	0	0	0	0	0	0	0	0	0	0	0	0	0	0	0	0	0	0	0	0	0	0	0	0	0	0	0	0	0	0	0	0	0	0	0	0	0	0	0	0	0	0	0	0	0	0	0	0	0	0	0	0	0	0	0	0	0	0	0	0	0
OTU186	0	0	0	0	0	0	0	0	0	0	0	0	0	0	0	0	0	0	0	0	0	0	0.716288004	0	0	0	0	0	0	0	0	0	0	0	0	0	0	0	0	0	0	0	0	0	0	0	0	0	0	0	0	0	0	0	0.730159202	0	0	0.739308683	0	0	0	0	0	0	0	0	0	0	0	0	0	0	0	0	0	0	0	0	0	0	0	0	0	0	0	0	0	0	0	0	0	0	0	0	0	0	0	0	0	0	0	0	0	0	0	0	0	0	0	0	0	0	0	0	0	0	0	0	0	0	0	0	0	0	0	0	0	0	0	0	0	0	0	0	0	0	0	0	0	0	0	0	0	0	0	0	0	0	0	0	0	0	0	0	0	0	0	0	0	0	0	0
OTU217	0	0	0	0.702510626	0	0.801807848	0	0	0	0	0	0	0	0.74886008	0	0.77756177	0	0	0	0	0	0	0	0.757195934	0	0	0	0	0	0	0	0	0	0	0	0	0	0	0	0	0	0	0	0	0	0	0	0.768401263	0.747807902	0	0	0	0	0	0	0	0	0	0	0	0	0	0	0	0	0	0	0	0	0	0.742997215	0	0	0	0	0	0.745871313	0	0	0	0.723238574	0	0	0.719901356	0	0	0	0	0	0	0.709482411	0	0	0	0	0	0	0	0	0	0	0	0	0	0	0	0	0	0	0	0	0	0.704311	0	0	0	0	0	0	0	0	0.748174052	0	0	0	0	0	0	0	0	0	0	0	0	0	0	0	0	0	0	0	0	0	0	0	0	0	0	0	0	0	0	0	0	0	0	0	0	0	0	0	0
OTU160	0.781244962	0	0	0	0	0	0	0	0	0	0	0	0	0	0	0	0.784268985	0	0	0.752771049	0.765835735	0	0.781333902	0	0	0	0	0	0	0	0	0	0	0	0.777153781	0	0.73596356	0	0.738283108	0	0	0	0	0.722677136	0	0	0	0	0	0	0	0.731052248	0	0.793761705	0.770584661	0.724397829	0	0.718177491	0	0	0.730971881	0	0.750006027	0.723524864	0	0	0	0	0	0.709623721	0	0	0	0.749899164	0	0	0	0	0	0	0	0.705542273	0	0	0	0	0	0	0.703674022	0	0	0	0.75030832	0	0	0	0	0	0	0	0	0	0	0	0	0	0	0	0	0	0	0	0	0	0	0	0	0	0	0	0	0	0	0	0	0.71557694	0	0	0	0	0	0	0.707447941	0	0	0	0	0	0	0	0	0	0	0	0	0	0	0	0	0	0	0	0	0	0	0	0	0	0	0	0	0
OTU174	0.765623152	0	0	0	0	0	0	0	0	0	0	0	0	0	0	0	0.77092261	0	0	0.750413319	0.7285726	0	0.761525016	0	0	0	0	0	0.701155976	0.747991296	0	0	0	0	0.71436085	0	0.741923021	0	0.722099981	0	0	0	0	0.721242576	0	0	0	0	0	0	0	0	0	0.734062726	0.734302614	0	0	0.777799346	0	0	0.714848165	0	0	0	0	0	0	0	0	0	0	0	0	0.716517785	0	0	0	0	0	0	0	0	0.720838665	0	0	0	0	0.711060358	0	0.736065057	0	0	0	0	0	0	0	0	0	0	0	0	0	0	0	0	0	0	0	0	0	0	0	0	0	0	0	0	0	0	0	0	0	0	0	0.719865485	0	0	0	0	0	0	0	0	0	0	0	0	0	0	0	0	0	0	0	0	0	0	0	0	0	0	0	0	0	0	0	0	0	0	0	0
OTU95	0	0	0	0	0	0	0	0	0	0	0	0	0	0	0	0	0	0	0	0	0.70265184	0	0	0	0	0	0	0	0	0	0	0	0	0	0	0	0	0	0	0	0	0	0	0	0	0	0	0	0	0	0	0	0	0	0	0	0	0	0	0	0	0	0	0	0	0	0	0	0	0	0	0	0	0	0	0	0	0	0	0	0	0	0	0	0	0	0	0	0	0	0	0	0	0	0	0	0	0	0	0	0	0	0	0	0	0	0	0	0	0	0	0	0	0	0	0	0	0	0	0	0	0	0	0	0	0	0	0	0	0	0	0	0	0	0	0	0	0	0	0	0	0	0	0	0	0	0	0	0	0	0	0	0.709402005	0	0	0	0	0	0	0	0	0
OTU306	0	0	0	0.70762516	0	0.776497167	0	0	0	0	0	0	0	0.750663417	0	0.723704103	0	0	0	0	0	0	0	0.712708476	0	0	0	0.760836169	0	0	0	0	0	0	0	0	0	0	0	0	0	0	0	0	0	0	0	0.767308607	0.7521799	0	0	0	0	0	0	0	0	0	0	0	0	0	0	0	0	0	0	0	0	0	0	0	0	0	0	0	0.746451971	0	0	0	0.748620338	0	0	0.751766761	0	0	0	0	0	0	0.715179961	0	0	0	0	0	0	0	0	0	0	0	0	0	0	0	0	0	0.704311	0	0	0	0	0	0	0	0	0	0	0	0.720309282	0.74147644	0.70848065	0	0	0	0	0	0	0	0	0	0	0	0	0	0	0	0	0	0	0	0	0	0	0	0	0	0	0	0	0	0	0	0	0	0	0	0	0	0	0
OTU281	0	0	0	0	0	0	0	0	0	0	0	0	0	0	0	0	0	0	0	0	0	0	0	0	0	0	0.70482191	0	0	0	0	0	0	0	0	0	0	0	0	0	0	0	0	0	0	0	0	0	0	0	0	0	0	0	0	0	0	0	0	0	0	0	0	0	0	0	0	0	0	0	0	0	0	0	0	0	0	0	0	0	0	0	0	0	0	0	0	0	0	0	0	0	0	0	0	0	0	0	0	0	0	0	0	0	0	0	0	0	0	0	0	0	0	0	0	0	0	0	0	0	0	0	0	0	0	0	0	0	0	0	0	0	0	0	0	0	0	0	0	0	0	0	0	0	0	0	0	0	0	0	0	0	0	0	0	0	0	0	0	0	0	0
OTU165	0	0	0	0	0	0	0	0	0	0	0	0	0	0	0	0	0.727501587	0	0	0	0.703518818	0	0.729570146	0	0	0	0	0	0	0.731029957	0	0	0	0	0	0	0	0	0	0	0	0	0	0	0	0	0	0	0	0	0	0.704471718	0	0.714200641	0.731200102	0	0	0.702452494	0	0	0.717990309	0	0.70419229	0	0	0	0	0	0	0	0	0	0	0	0	0	0	0	0	0	0	0	0.746494738	0	0	0	0	0	0	0.719872891	0	0	0	0	0	0	0	0	0	0	0	0	0	0	0	0	0	0	0	0	0	0	0	0	0	0	0	0	0	0	0	0	0	0	0	0.725657418	0	0	0	0	0	0	0	0	0	0	0	0	0	0	0	0	0	0	0	0	0	0	0	0	0.718939591	0	0	0	0	0	0	0	0	0	0	0
OTU131	0	0	0	0	0	0	0	0	0	0	0	0	0	0	0	0	0	0	0	0	0	0	0	0	0	0	0	0	0	0	0	0	0	0	0	0	0	0	0	0	0	0	0	0	0.777523383	0	0	0	0	0	0	0	0	0	0	0	0	0	0	0	0	0	0	0	0	0	0	0	0	0	0	0	0	0	0	0	0	0	0	0	0	0	0	0	0	0	0	0	0	0	0	0	0	0	0	0	0	0	0	0	0	0	0	0	0	0	0	0	0	0	0	0	0	0	0	0	0	0	0	0	0	0	0	0	0	0	0	0	0	0	0	0	0	0	0	0	0	0	0	0	0	0	0	0	0	0	0	0	0	0	0	0	0	0	0	0	0	0	0	0	0	0
OTU138	0	0	0	0	0	0	0	0	0	0	0	0	0	0	0	0	0	0	0	0	0	0	0	0	0	0	0	0	0	0	0	0	0	0	0	0	0	0	0	0	0	0	0	0	0	0	0	0	0	0	0	0	0	0	0	0	0	0	0	0	0	0	0	0	0	0	0	0	0	0	0	0	0	0	0	0	0	0	0	0	0	0	0	0	0	0	0	0	0	0	0	0	0	0	0	0	0	0	0	0	0	0	0	0	0	0	0	0	0	0	0	0	0	0	0	0	0	0	0	0	0	0	0	0	0	0	0	0	0	0.701095591	0	0	0	0	0	0	0	0	0	0	0	0	0	0	0	0	0	0	0	0	0	0	0	0	0	0	0	0	0	0	0	0
OTU395	0	0	0	0.740961558	0	0.741908172	0	0	0	0	0	0	0	0.708863529	0	0	0	0	0	0	0	0	0	0	0	0	0	0	0	0	0	0	0	0	0	0	0	0	0	0	0	0	0	0	0	0	0	0	0	0	0	0	0	0	0	0	0	0	0	0	0	0	0	0	0	0	0	0	0	0	0	0	0	0	0	0	0	0	0	0	0	0	0	0	0	0	0	0	0	0	0.75069482	0	0	0	0	0	0	0	0	0	0	0	0	0	0	0	0	0	0	0	0	0	0	0	0	0	0	0	0	0	0	0.721650898	0	0	0	0	0	0.704454996	0	0	0	0	0	0	0	0	0	0	0	0	0	0	0	0	0	0	0	0	0	0	0	0	0	0	0	0	0	0	0	0	0	0
OTU420	0	0	0	0	0	0	0	0	0	0	0	0.761110577	0	0	0	0	0	0	0	0	0	0	0	0	0	0.709204743	0	0	0	0	0	0	0	0	0	0	0	0	0	0	0	0	0	0	0	0	0.705768889	0	0	0	0	0	0	0	0	0	0	0	0	0	0	0	0	0	0	0	0	0	0	0	0	0	0	0	0.720584459	0	0	0	0	0	0	0	0	0	0	0	0	0	0	0	0	0	0	0	0	0	0	0	0	0	0	0	0	0	0	0	0	0	0	0	0	0	0	0	0	0	0	0	0	0	0	0	0	0	0	0	0	0	0	0	0	0	0	0	0	0	0	0	0	0	0	0	0	0	0	0	0	0	0	0	0	0	0	0	0	0	0	0	0	0.700452712	0	0
OTU143	0.779427898	0	0	0	0	0	0	0	0	0	0	0	0.733996987	0	0	0	0.73658808	0	0	0	0.718502545	0	0.728188917	0	0	0	0	0	0	0.722813772	0	0	0	0.701727872	0	0	0	0	0.701339586	0	0	0	0	0.711912187	0	0	0	0	0	0	0	0.74257563	0	0.75019972	0.751332712	0.729419479	0	0	0	0	0.794238224	0	0.759925402	0.756412626	0	0	0	0	0	0.753849149	0	0	0	0.722293974	0	0	0	0	0.725170066	0	0	0.739357296	0.72169351	0	0	0	0.711631547	0	0.715285468	0	0	0	0.730574008	0	0	0	0	0	0	0	0	0	0	0	0	0	0	0	0	0	0	0	0	0	0	0	0	0	0	0	0	0	0	0	0	0	0	0	0	0	0	0	0	0	0	0	0	0.704008855	0	0	0	0	0	0	0	0	0.724152882	0	0	0	0	0	0	0	0	0	0	0	0	0	0	0
OTU298	0	0	0	0	0	0.751677761	0	0	0	0	0	0	0	0	0	0.717053189	0	0	0	0	0	0	0	0.701802526	0	0	0	0	0	0	0	0	0	0	0	0	0	0	0	0	0	0	0	0	0	0	0	0.720287778	0.714115568	0	0	0	0	0	0	0	0	0	0	0	0	0	0	0	0	0	0	0	0	0	0	0	0	0	0	0	0.726653224	0	0	0.709539714	0	0	0	0.7191103	0	0	0	0	0	0	0	0	0	0	0	0	0	0	0	0	0	0	0	0	0	0	0	0	0	0	0	0	0.720309282	0	0	0	0	0	0	0	0	0.760760868	0	0	0	0	0	0	0	0	0	0	0	0	0	0	0	0	0	0	0	0	0	0	0	0	0	0	0	0	0	0	0	0	0	0	0	0	0	0	0	0
OTU361	0	0	0	0.717673026	0	0.807664309	0	0	0	0.701392375	0	0	0	0.781660526	0	0.776673924	0	0	0	0	0	0	0	0.71565147	0	0	0	0.741495222	0	0	0	0.749324854	0	0	0	0	0	0	0	0	0	0	0	0	0	0	0	0.782298198	0.748383744	0	0	0	0	0	0	0	0	0	0	0	0	0	0	0	0	0	0	0	0	0	0	0	0	0	0	0	0.758612475	0	0	0.716130331	0.725426426	0	0	0.757408526	0	0	0	0	0	0	0.732589248	0	0	0	0	0	0	0	0	0	0	0	0	0	0.714939372	0	0	0	0.748174052	0	0	0	0.74147644	0	0	0	0	0.721650898	0	0	0.760760868	0	0	0	0	0	0	0	0	0	0	0	0	0	0	0	0	0	0	0	0	0	0	0	0	0	0	0	0	0	0	0	0	0	0	0	0	0	0	0	0	0
OTU490	0	0	0	0	0	0.717240344	0	0	0	0	0	0	0	0.752486911	0	0	0	0	0	0	0	0	0	0	0	0	0	0	0	0	0	0	0	0	0	0	0	0	0	0	0	0	0	0	0	0	0	0.733973052	0.703279013	0	0	0	0	0	0	0	0	0	0	0	0	0	0	0	0	0	0	0	0	0	0	0	0	0	0	0	0	0	0	0	0	0	0	0.754191364	0	0	0	0	0	0	0	0	0	0	0	0	0	0	0	0	0	0	0	0	0	0	0	0	0	0	0	0	0.70848065	0	0	0	0	0	0	0	0	0	0	0	0	0	0	0	0	0	0	0	0	0	0	0	0	0	0	0	0	0	0	0	0	0	0	0	0	0	0	0	0	0	0	0	0	0	0	0	0	0
OTU239	0	0	0	0	0	0	0	0	0	0	0	0	0	0	0	0	0	0	0	0	0	0	0	0	0	0	0	0	0	0	0	0	0	0	0	0	0	0	0	0	0	0	0	0	0	0	0	0	0	0	0	0	0	0	0	0	0	0	0	0	0	0	0	0	0	0	0	0	0	0	0	0	0	0	0	0	0	0	0	0	0	0	0	0	0	0	0	0	0	0.702483633	0	0	0	0	0	0	0	0	0	0	0	0	0	0	0	0	0	0	0	0	0	0	0	0	0	0	0	0	0	0	0	0	0	0	0	0	0	0	0	0	0	0	0	0	0	0	0	0	0	0	0	0	0	0	0	0	0	0	0	0	0	0	0	0	0	0	0	0	0	0	0	0
OTU253	0.746623043	0	0	0	0	0	0	0	0	0	0	0	0.704961694	0	0	0	0.740355838	0	0	0	0.722429808	0	0.747197602	0	0	0	0	0	0	0	0	0	0	0	0.746086122	0	0.70851824	0	0.755300503	0	0	0	0	0	0	0	0	0	0	0	0	0	0	0.735514622	0.727098615	0	0	0	0	0	0.714799446	0	0.727730682	0	0	0	0	0	0	0	0	0	0	0.713586505	0	0	0	0	0	0	0	0.706002437	0	0	0	0	0	0	0	0	0	0	0.70772645	0	0	0	0	0	0	0	0	0	0	0	0	0	0	0	0	0	0	0	0	0	0	0	0	0	0	0	0	0	0	0	0	0	0	0	0	0	0	0	0	0	0	0	0	0	0	0	0	0	0	0	0	0	0	0	0	0	0	0	0	0	0	0	0	0	0	0	0	0
OTU171	0.755953333	0	0	0	0	0	0	0	0	0	0	0	0	0	0	0	0.765242121	0	0	0.711542396	0.736492999	0	0.769799005	0	0	0	0	0	0	0.733580304	0	0	0	0	0.730707445	0	0.711204919	0	0.715463318	0	0	0	0	0	0	0	0	0	0	0	0	0.721855696	0	0.747025763	0.724749685	0.718798554	0	0.747426005	0	0	0.740754654	0	0.738476063	0	0	0	0	0	0	0.711277949	0	0	0	0.735373615	0	0	0	0	0	0	0	0	0.7649551	0	0	0	0	0	0.719890819	0.717883661	0	0	0	0	0	0	0	0	0	0	0	0	0	0	0	0	0	0	0	0.71557694	0.719865485	0	0	0	0.725657418	0	0	0	0	0	0	0	0	0	0	0	0	0	0	0	0	0	0.717403126	0	0	0	0	0	0	0	0	0	0	0	0	0	0	0	0	0	0.714257238	0	0	0	0	0	0	0	0	0	0	0
OTU289	0	0	0	0	0	0	0	0	0	0.702020336	0	0	0	0	0	0	0	0	0	0	0	0	0	0	0	0	0	0	0	0	0	0	0	0	0	0	0	0	0	0	0	0	0	0	0	0	0	0	0	0	0	0	0	0	0	0	0	0	0	0	0	0	0	0	0	0	0	0	0	0	0	0	0	0	0	0	0	0	0	0	0	0	0	0	0	0	0	0	0	0	0	0	0	0	0	0	0	0	0	0	0	0	0	0	0	0	0	0	0	0	0	0	0	0	0	0	0	0	0	0	0	0	0	0	0	0	0	0	0	0	0	0	0	0	0	0	0	0	0	0	0	0	0	0	0	0	0	0	0	0	0	0	0	0	0	0	0	0	0	0	0	0
OTU475	0	0	0	0.764676696	0	0.722026548	0	0	0	0	0	0	0	0	0	0	0	0	0	0	0	0	0	0	0	0	0	0.711133074	0	0	0	0.736291953	0	0	0	0	0	0	0	0	0	0	0	0	0	0	0	0	0	0	0	0	0	0	0	0	0	0	0	0	0	0	0	0	0	0	0	0	0	0	0	0	0	0	0	0	0	0	0	0	0	0	0	0	0	0	0	0	0	0	0.727598235	0	0	0	0	0	0	0	0	0	0	0	0	0	0	0	0	0	0	0	0	0	0	0	0	0	0	0.704454996	0	0	0	0	0	0	0	0	0	0	0	0	0	0	0	0	0	0	0	0	0	0	0	0	0	0	0	0	0	0	0	0	0	0	0	0	0	0	0	0	0	0	0	0
OTU194	0	0	0	0	0	-0.719164272	0	0	0	0	0	0	0	0	0	-0.707724177	0	0	0	0	0	0	0	-0.717237959	0	0	0	0	0	0	0	-0.728624063	0	0	0	0.73487644	0	0	0	0	0	0	0.739996949	0	0	0	0	0	0	0	0	0	0	0	0	0	0	0	0	0	0	0	0	0	0	0	0	0	0	0	0	0	0	0	0	0	0	0	0	-0.715510351	0	0	0	0	0	0	0	0	0	0	0	0	0	0	0	0	0	0	0	0	0	0	0	0	0	0	0	0	0	0	0	0	0	0	0	0	0	0	0	0	0	0	0	0	0	0	0	0	0	0	0	0	0	0	0	0	0	0	0	0	0	0	0	0	0	0	0	0	0	0	0	0	0	0	0	0	0	0	0	0	0	0
OTU255	0.718285311	0	0	0	0	0	0	0	0	0	0	0	0	0	0	0	0.750923318	0	0	0	0.726344623	0	0	0	0	0	0	0	0	0.754180267	0	0	0	0	0	0	0.715426469	0	0	0	0	0	0	0	0	0	0	0	0	0	0	0.708242222	0	0.730751938	0	0	0	0	0	0.720460848	0.724223202	0	0.732486939	0	0	0	0	0	0	0.700695655	0	0	0	0	0	0	0	0	0.714206757	0	0	0	0.742775158	0	0	0	0	0	0.707429941	0.709171866	0	0	0	0	0.712755446	0	0	0	0	0	0	0	0	0	0	0	0	0	0	0	0	0	0	0	0	0	0.701095591	0	0	0	0	0	0	0	0	0	0	0	0	0	0	0	0	0	0	0	0	0	0	0	0	0	0	0	0	0	0	0	0	0	0.751264905	0	0	0	0	0	0	0	0	0	0	0
OTU216	0.741995738	0	0	0	0	0	0	0	0	0	0	0	0	0	0	0	0.780138005	0	0	0.713066529	0.716133635	0	0.771435577	0	0	0	0	0	0	0	0	0	0	0	0	0	0	0	0.748453973	0	0	0	0	0	0	0	0	0	0	0	0	0	0	0.809777871	0.815490684	0.703493623	0	0.710377581	0	0	0.725459013	0	0.723595907	0	0	0	0	0	0	0.712046536	0	0	0	0.713066829	0	0	0	0	0	0	0	0	0	0	0	0	0	0	0	0.752572106	0	0	0	0	0	0	0	0	0	0	0	0	0	0	0	0	0	0	0	0	0	0	0	0	0	0	0	0	0	0	0	0	0	0	0	0	0	0	0	0	0	0	0.712380416	0	0	0	0	0	0	0	0	0	0	0	0	0	0	0	0	0	0	0	0	0	0	0	0	0	0	0	0	0
OTU234	0	0	0	0	0	0	0	0	0	0	0	0	0	0	0	0	0	0	0	0	0	0	0	0	0	0	0	0	0	0	0	0	0	0	0	0	0	0	0	0	0	0	0	0	0	0	0	0	0	0	0	0	0	0	0	0	0	0	0	0.724810234	0	0	0	0	0	0	0	0	0	0	0	0	0	0	0	0	0	0	0	0	0	0	0	0	0	0	0	0	0	0	0	0	0	0	0	0.7068917	0	0	0	0	0	0	0	0	0	0	0	0	0	0	0	0	0	0	0	0	0	0	0	0	0	0	0	0	0	0	0	0	0	0	0	0	0	0	0	0	0	0	0	0	0	0	0	0	0	0	0	0	0	0	0	0	0	0	0	0	0	0	0	0	0	0
OTU241	0.753963558	0	0	0	0	0	0	0	0	0	0	0	0	0	0	0	0.775516892	0	0	0.74049179	0.759573617	0	0.787388296	0	0	0	0	0	0	0.729603092	0	0	0	0.703880256	0.728794792	0	0	0	0.739630515	0	0	0	0	0.710608687	0	0	0	0	0	0	0	0.721770553	0	0.799851942	0.780243314	0.735430887	0	0	0	0	0.774602239	0	0.765717512	0.712863049	0	0	0	0	0	0.75338255	0	0	0	0.723033904	0	0	0	0	0	0	0	0.738814683	0.707141313	0	0	0.712445349	0	0	0.730557761	0.712373846	0	0	0.705624351	0	0	0	0	0	0	0	0	0	0	0	0	0	0	0	0	0.707447941	0	0	0	0	0	0	0	0	0	0	0	0	0	0	0	0.717403126	0	0	0	0	0.712380416	0	0	0	0	0	0	0	0	0	0	0	0	0	0	0	0	0	0	0	0	0	0	0	0	0	0	0	0	0	0	0
OTU277	0	0	0	0	0	0	0	0	0	0	0	0	0	0	0	0	0.727667565	0	0	0	0	0	0.747949299	0	0	0	0	0	0	0	0	0	0	0	0	0	0	0	0	0	0	0	0	0	0	0	0	0	0	0	0	0	0	0.746125183	0.760424093	0	0	0	0	0	0	0	0	0	0	0	0	0	0	0	0	0	0	0	0	0	0	0	0	0	0	0	0	0	0	0	0	0	0.702356511	0	0	0	0	0	0	0	0	0	0	0	0	0	0	0	0	0	0	0	0	0	0	0	0	0	0	0	0	0	0	0	0	0	0	0	0	0	0	0	0	0	0	0	0	0	0	0	0	0	0	0	0	0.730988382	0	0	0	0	0	0	0	0	0	0	0	0	0	0	0	0	0	0	0	0
OTU150	0.709530359	0	0	0	0	0	0	0	0	0	0	0	0	0	0	0	0.703269981	0	0	0	0.727797214	0	0	0	0	0	0	0	0	0	0	0	0	0	0	0	0	0	0	0	0	0	0	0	0	0	0	0	0	0	0	0	0	0	0	0.705620543	0	0	0	0	0.706157647	0	0	0	0	0	0	0	0	0	0	0	0	0.700814176	0	0	0	0	0	0	0	0	0	0	0	0	0	0	0	0	0	0	0	0	0	0	0	0	0	0	0	0	0	0	0	0	0	0	0	0	0	0	0	0	0	0	0	0	0	0	0	0	0	0	0	0	0	0	0	0	0	0	0	0	0	0	0	0	0	0	0	0	0	0	0	0	0	0	0	0	0	0	0	0	0	0	0	0	0	0	0	0
OTU213	0	0	0	0	0	0	0	0	0	0	0	0	0	0	0	0	0	0	0	0	0	0	0	0	0	0	0	0	0	0	0	0	0	0	0	0	0	0	0	0	0	0	0	0	0	0	0	0	0	0	0	0	0	0	0	0	0	0	0	0	0	0	0	0	0	0	0	0	0	0	0	0	0	0	0	0	0	0	0	0	0	0	-0.701539312	0	0	0	0	0	-0.707042555	0	0	0	0	0	0	0	0	0	0	0	0	0	0	0	0	0	0	0	0	0	0	0	0	0	0	0	0	0	0	0	0	0	0	0	0	0	0	0	0	0	0	0	0	0	0	0	0	0	0	0	0	0	0	0	0	0	0	0	0	0	0	0	0	0	0	0	0	0	0	0	0	0
OTU392	0	0	0	0	0	0.71437957	0	0	0	0	0	0	0	0	0	0	0	0	0	0	0	0	0	0.716021585	0	0	0	0.709415939	0	0	0	0	0	0	0	0	0	0	0	0	0	0	0	0	0	0	0	0	0	0	0	0	0	0	0	0	0	0	0	0	0	0	0	0	0	0	0	0	0	0	0	0	0	0	0	0	0	0	0	0	0	0	0	0	0	0	0	0	0	0	0	0	0	0	0	0	0	0	0	0	0	0	0	0	0.70640148	0	0	0	0	0	0	0	0	0	0	0	0	0	0	0	0	0	0	0	0	0	0	0	0	0	0	0	0	0	0	0	0	0	0	0	0	0	0	0	0	0	0	0	0	0	0	0	0	0	0	0	0	0	0	0	0	0
OTU226	0.736314429	0	0	0	0	0	0	0	0	0	0	0	0	0	0	0	0.738098427	0	0	0	0.729177142	0	0	0	0	0	0	0	0	0.707152217	0	0	0	0	0	0	0.703363789	0	0	0	0	0	0	0	0	0	0	0	0	0	0	0.730254001	0	0.744834479	0	0.700958054	0	0	0	0.733215872	0.722514808	0	0.743497436	0	0	0	0	0	0	0.719709479	0	0	0	0.706469811	0	0	0	0	0	0	0	0.726926118	0.752733039	0	0	0	0.741029027	0	0.721473852	0	0	0	0	0	0	0	0	0	0	0	0	0	0	0	0	0	0	0	0	0	0	0	0	0	0	0	0	0	0	0.704008855	0	0	0	0	0	0	0	0	0	0	0	0	0	0	0	0	0	0	0	0	0	0	0	0	0	0	0	0	0	0	0.701700013	0	0	0	0	0	0	0	0	0	0	0
OTU525	0	0	0	0	0	0	0	0.726808336	0	0	0	0.77187417	0	0	0	0	0	0	0	0	0	0	0	0	0	0.728395629	0	0	0	0	0	0	0	0	0	0	0	0	0	0	0.73620693	0	0	0	0	0.728528808	0.778117232	0	0	0	0	0	0	0	0	0	0	0	0	0	0	0	0	0	0	0	0	0	0	0	0	0	0	0	0.763493975	0	0	0	0	0	0	0	0	0	0	0	0	0	0	0	0	0	0	0	0	0	0	0	0	0	0	0	0	0	0	0	0	0	0	0	0	0	0	0	0	0	0	0	0	0	0	0	0	0	0	0	0	0	0	0	0	0	0	0	0	0	0	0	0	0	0	0	0	0	0	0	0	0	0	0	0	0.70835847	0	0	0	0	0.715716757	0.724741032	0	0	0	0.717960157
OTU331	0	0	0	0	0	0	0	0	0	0	0	0	0	0	0	0	0	0	0	0	0	0	0	0	0	0	0	0	0	0	0	0	0	0	0	0	0	0	0	0	0	0	0	0	0	0	0	0	0	0	0	0	0	0	0	0	0	0	0	0	0	0	0	0	0	0	0	0	0	0	0	0	0	0	0	0	0	0	0	0	0.723485811	0	0	0	0	0	0	0	0	0	0	0	0	0	0	0	0	0	0	0	0	0	0	0	0	0	0	0	0	0	0	0	0	0	0	0	0	0	0	0	0	0	0	0	0	0	0	0	0	0	0	0	0	0	0	0	0	0	0	0	0	0	0	0	0	0	0	0	0	0	0	0	0	0	0	0	0	0	0	0	0	0
OTU570	0	0	-0.720625645	0	0	0	0	0	0	0	0	0	0	0	0	0	0	0	0	0	0	0	0	0	0	0	0	0	0	0	0	0	0	0	0	0	0	0	0	0	0	0	0	0	0	0	0	0	0	0	0	0	0	0	0	0	0	0	0	0	0	0	0	0	0	0	0	0	0	0	0	0	0	0	0	0	0	0	0	0	0	0	0	0	0	0	0	0	0	0	0	0	0	0	0	0	0	0	0	0	0	0	0	0	0	0	0	0	0	0	0	0	0	0	0	0	0	0	0	0	0	0	0	0	0	0	0	0	0	0	0	0	0	0	0	0	0	0	0	0	0	0	0	0	0	0	0	0	0	0	0	0	0	0	0	0	0	0	0	0	0	0
OTU283	0	0	0	0	0	0	0	0	0	0	0	0	0	0	0	0	0.71450227	0	0	0	0	0	0.74150119	0	0	0	0	0	0	0	0	0	0	0	0.700173617	0	0	0	0	0	0	0	0	0	0	0	0	0	0	0	0	0	0	0.738250288	0.782990243	0	0	0	0	0	0	0	0	0	0	0	0	0	0	0	0	0	0	0	0	0	0	0	0	0	0	0	0	0	0	0	0	0	0	0	0	0	0	0	0	0	0	0	0	0	0	0	0	0	0	0	0	0	0	0	0	0	0	0	0	0	0	0	0	0	0	0	0	0	0	0	0	0	0	0	0	0	0	0.730988382	0	0	0	0	0	0	0	0	0	0	0	0	0	0	0	0	0	0	0	0	0	0	0	0	0	0	0	0
OTU394	0	0	0	0	0	0.741232114	0	0	0	0.725986166	0	0	0	0	0	0.728757325	0	0	0	0	0	0	0	0	0	0	0	0	0	0	0	0	0	0	0	0	0	0	0	0	0	0	0	0	0	0	0	0	0	0	0	0	0	0	0	0	0	0	0	0	0	0	0	0	0	0	0	0	0	0	0.708422419	0	0	0	0	0	0	0	0	0	0	0	0	0	0	0	0	0	0	0	0	0	0	0	0	0	0	0	0	0	0	0	0	0	0	0	0	0	0	0	0	0	0	0	0	0	0	0	0	0	0	0	0	0	0	0	0	0	0	0	0	0	0	0	0	0	0	0	0	0	0	0	0	0	0	0	0	0	0	0	0	0	0	0	0	0	0	0	0	0	0	0
OTU326	0	0	0	0	0	0.717225648	0	0	0	0.726529161	0	0	0	0	0	0	0	0	0	0	0	0	0	0.724388751	0	0	0	0	0	0	0	0	0	0	0	0	0	0	0	0	0	0	0	0	0	0	0	0	0	0	0	0	0	0	0	0	0	0	0	0	0	0	0	0	0	0	0	0	0	0	0	0	0	0	0	0	0	0	0	0	0	0	0	0	0	0	0	0	0	0	0	0	0	0	0	0	0	0	0	0	0	0	0	0	0.706702006	0	0	0	0	0	0	0	0	0	0	0	0	0	0	0	0	0	0	0	0	0	0	0	0	0	0	0	0	0	0	0	0	0	0	0	0	0	0	0	0	0	0	0	0	0	0	0	0	0	0	0	0	0	0	0	0	0
OTU163	0.722362374	0	0	0	0	0	0	0	0	0	0	0	0	0	0	0	0	0	0	0	0.711052396	0	0	0	0	0	0	0	0	0.7030885	0	0	0	0	0	0	0	0	0	0	0	0	0	0	0	0	0	0	0	0	0	0	0	0	0	0.702180754	0	0	0	0	0	0	0.712239627	0	0	0	0	0	0	0	0	0	0	0	0	0	0	0	0	0	0	0.701145947	0	0	0	0	0	0	0	0	0	0	0	0	0	0	0	0	0	0	0	0	0	0	0	0	0	0	0	0	0	0	0	0	0	0	0	0	0	0	0	0	0	0	0	0	0	0	0	0	0	0	0	0	0	0	0	0	0	0	0	0	0	0	0	0	0	0	0	0	0	0	0	0	0	0	0	0	0	0	0	0
OTU387	0	0	0	0	0	0	0	0	0	0.717775195	0	0	0	0	0	0	0	0	0	0	0	0	0	0	0	0	0	0	0	0	0	0	0	0	0	0	0	0	0	0	0	0	0	0	0	0	0	0	0	0	0	0	0	0	0	0	0	0	0	0	0	0	0	0	0	0	0	0	0	0	0	0	0	0	0	0	0	0	0	0	0	0	0	0	0	0	0	0	0	0	0	0	0	0	0	0	0	0	0	0	0	0	0	0	0	0	0	0	0	0	0	0	0	0	0	0	0	0	0	0	0	0	0	0	0	0	0	0	0	0	0	0	0	0	0	0	0	0	0	0	0	0	0	0	0	0	0	0	0	0	0	0	0	0	0	0	0	0	0	0	0	0
OTU367	0	0	0	0	0	0	0	0	0	0	0	0	0	0	0	0	0	0	0	0	0	0	0	0	0	0	0	0	0	0	0	0	0	0	0	0	0	0	0	0	0	0	0	0	0	0	0	0	0	0	0	0	0	0	0	0	0	0	0	0	0	0	0	0	0	0	0	0	0	0	0	0	0	0	0	0	0	0	0	0	0	0	0	0	0	0	0	0	0	0	0	0	0	0	0	0	0	0	0	0	0	0	0	0	0	0	0	0	0	0	0	0	0	0	0	0	0	0	0	0.724152882	0	0	0	0	0	0	0	0	0	0	0	0	0	0	0	0	0	0	0	0	0	0	0	0	0	0	0	0	0	0	0	0	0	0	0	0	0	0	0	0	0	0
OTU187	0.722272587	0	0	0	0	0	0	0	0	0	0	0	0	0	0	0	0.70409916	0	0	0	0.718878844	0	0	0	0	0	0	0	0	0	0	0	0	0	0	0	0	0	0	0	0	0	0	0	0	0	0	0	0	0	0	0	0	0.705563008	0	0	0	0	0	0	0	0	0.721194258	0	0	0	0	0	0	0	0	0	0	0	0	0	0	0	0	0	0	0	0	0	0	0	0	0	0	0	0	0	0	0	0	0	0	0	0	0	0	0	0	0	0	0	0	0	0	0	0	0	0	0	0	0	0	0	0	0	0	0	0	0	0	0	0	0	0	0	0	0	0	0	0	0	0	0	0	0	0	0	0	0	0	0	0	0	0	0	0	0	0	0	0	0	0	0	0	0	0	0
OTU339	0.714285586	0	0	0	0	0	0	0	0	0	0	0	0	0	0	0	0	0	0	0	0	0	0	0	0	0	0	0	0	0.735899974	0	0	0	0	0	0	0	0	0	0	0	0	0	0	0	0	0	0	0	0	0	0	0	0	0	0.700674292	0	0	0	0	0.732527569	0	0.701382319	0.716410371	0	0	0	0	0	0.735901372	0	0	0	0	0	0	0	0	0	0	0	0	0	0	0	0	0	0	0	0	0	0	0	0	0	0	0	0	0	0	0	0	0	0	0	0	0	0	0	0	0	0	0	0	0	0	0	0	0	0	0	0	0	0	0	0	0	0	0	0	0	0	0	0	0	0	0	0	0	0	0	0	0	0	0	0	0	0	0	0	0	0	0	0	0	0	0	0	0	0	0	0
OTU412	0	0	0	0	0	0	0	0	0	0.70656964	0	0	0	0	0	0	0	0	0	0	0	0	0	0.727919612	0	0	0	0	0	0	0	0	0	0	0	0	0	0	0	0	0	0	0	0	0	0	0	0	0	0	0	0	0	0	0	0	0	0	0	0	0	0	0	0	0	0	0	0	0	0	0	0	0	0	0	0	0	0	0	0	0	0	0	0	0	0	0	0	0	0	0	0	0	0	0	0	0	0	0	0	0	0	0	0	0	0	0	0	0	0	0	0	0	0	0	0	0	0	0	0	0	0	0	0	0	0	0	0	0	0	0	0	0	0	0	0	0	0	0	0	0	0	0	0	0	0	0	0	0	0	0	0	0	0	0	0	0	0	0	0	0	0
OTU322	0.71442268	0	0	0	0	0	0	0	0	0	0	0	0	0	0	0	0.760955545	0	0	0	0.729972335	0	0.736467766	0	0	0	0	0	0	0.765167341	0	0	0	0	0	0	0	0	0	0	0	0	0	0	0	0	0	0	0	0	0	0.730868191	0	0.725678836	0.724315592	0	0	0	0	0	0.749929112	0	0.736493806	0.728128706	0	0	0	0	0	0.738975451	0	0	0	0.722531372	0	0	0	0	0	0	0	0.738514445	0.746240179	0	0	0	0.714429904	0	0.73445549	0.710094482	0	0	0	0	0	0	0	0	0	0	0	0	0	0	0	0	0	0	0	0	0	0	0	0	0.718939591	0	0	0	0	0	0	0	0	0	0	0.714257238	0	0	0	0.751264905	0	0	0	0	0	0	0	0.701700013	0	0	0	0	0	0	0	0	0	0	0	0	0	0	0	0	0	0	0	0	0	0	0	0
OTU648	0	0	0	0	0	0	0	0	0	0	0	0.714535513	0	0	0	0	0	0	0	0	0	0	0	0	0	0	0	0	0	0	0	0	0	0	0	0	0	0	0	0	0.724429717	0	0	0	0	0	0.700801847	0	0	0	0	0	0	0	0	0	0	0	0	0	0	0	0	0	0	0	0	0	0	0	0	0	0	0	0	0	0	0	0	0	0	0	0	0	0	0	0	0	0	0	0	0	0	0	0	0	0	0	0	0	0	0	0	0	0	0	0	0	0	0	0	0	0	0	0	0	0	0	0	0	0	0	0	0	0	0	0	0	0	0	0	0	0	0	0	0	0	0	0.70835847	0	0	0	0	0	0	0	0	0	0	0	0	0	0	0	0	0	0	0	0	0	0	0
OTU158	0	0	0	0	0	0	0	0	0	0	0	0	0	0	0	0	0	0	0	0	0	0	0	0	0	0	0	0	0	0	0	0	0	0	0	0	0	0	0	0	0	0	0	0	0	0	0	0	0	0	0	0	0	0	0	0	0	0	0	0	0	0	0	0	0	0	0	0	0	0	0	0	0	0	0	0	0	0	0	0	0	0	0	0	0	0	0	0	0	0	0	0	0	0	0	0	0	0	0	0	0	0	0	0	0	0	0	0	0	0	0	0.709402005	0	0	0	0	0	0	0	0	0	0	0	0	0	0	0	0	0	0	0	0	0	0	0	0	0	0	0	0	0	0	0	0	0	0	0	0	0	0	0	0	0	0	0	0	0	0	0	0	0	0
OTU252	0	0	0	0	0	0	0	0	0	0	0	0	0	0	0	0	0	0	0	0	0	0	0	0	0	0	0	0	0	0.701629103	0	0	0	0	0	0	0	0	0	0	0	0	0	0	0	0	0	0	0	0	0	0	0	0	0	0	0	0	0	0	0	0	0	0	0	0	0	0	0	0	0	0	0	0	0	0	0	0	0	0	0	0	0.711789048	0	0	0	0	0	0	0	0	0	0	0	0	0	0	0	0	0	0	0	0	0	0	0	0	0	0	0	0	0	0	0	0	0	0	0	0	0	0	0	0	0	0	0	0	0	0	0	0	0	0	0	0	0	0	0	0	0	0	0	0	0	0	0	0	0	0	0	0	0	0	0	0	0	0	0	0	0	0	0
OTU739	0	0	0	0	0	0	0	0.72036704	0	0	0	0.719960121	0	0	0	0	0	0	0	0	0	0	0	0	0	0	0	0	0	0	0	0	0	0	0	0	0	0	0	0	0.70064908	0	0	0	0	0.70462855	0.701485762	0	0	0	0	0	0	0	0	0	0	0	0	0	0	0	0	0	0	0	0	0	0	0	0	0	0	0	0	0	0	0	0	0	0	0	0	0	0	0	0	0	0	0	0	0	0	0	0	0	0	0	0	0	0	0	0	0	0	0	0	0	0	0	0	0	0	0	0	0	0	0	0	0	0	0	0	0	0	0	0	0	0	0	0	0	0	0	0	0	0	0	0	0	0	0	0	0	0	0	0	0	0	0	0	0	0	0	0	0	0	0	0	0	0	0
OTU505	0	0	0	0	0	0	0	0	0	0	0	0	0	0	0	0	0	0	0	0	0	0	0	0	0	0	0	0	0	0	0	0	0	0	0	0	0	0	0	0	0	0	0	0	0	0	0	0	0	0	0	0	0	0	0	0	0	0	0	0	0.711038051	0	0	0	0	0	0	0	0	0	0	0	0	0	0	0	0	0	0	0	0	0	0	0	0	0	0	0	0	0	0	0	0	0	0	0	0	0	0	0	0	0	0	0	0	0	0	0	0	0	0	0	0	0	0	0	0	0	0	0	0	0	0	0	0	0	0	0	0	0	0	0	0	0	0	0	0	0	0	0	0	0	0	0	0	0	0	0	0	0	0	0	0	0	0	0	0	0	0	0	0	0
OTU855	0	0	0	0	0	0	0	0.707485596	0	0	0	0.725846721	0	0	0	0	0	0	0	0	0	0	0	0	0	0	0	0	0	0	0	0	0	0	0	0	0	0	0	0	0.706954645	0	0	0	0	0	0.712368081	0	0	0	0	0	0	0	0	0	0	0	0	0	0	0	0	0	0	0	0	0	0	0	0	0	0	0	0.709265983	0	0	0	0	0	0	0	0	0	0	0	0	0	0	0	0	0	0	0	0	0	0	0	0	0	0	0	0	0	0	0	0	0	0	0	0	0	0	0	0	0	0	0	0	0	0	0	0	0	0	0	0	0	0	0	0	0	0	0	0	0	0	0	0.715716757	0	0	0	0	0	0	0	0	0	0	0	0	0	0	0	0	0	0	0	0	0	0	0
OTU938	0	0	0	0	0	0	0	0	0	0	0	0.701489023	0	0	0	0	0	0	0	0	0	0	0	0	0	0	0	0	0	0	0	0	0	0	0	0	0	0	0	0	0	0	0	0	0	0	0.701818242	0	0	0	0	0	0	0	0	0	0	0	0	0	0	0	0	0	0	0	0	0	0	0	0	0	0	0	0.712307601	0	0	0	0	0	0	0	0	0	0	0	0	0	0	0	0	0	0	0	0	0	0	0	0	0	0	0	0	0	0	0	0	0	0	0	0	0	0	0	0	0	0	0	0	0	0	0	0	0	0	0	0	0	0	0	0	0	0	0	0	0	0	0	0.724741032	0	0	0	0	0	0	0	0	0	0	0	0	0	0	0	0	0	0	0	0	0	0	0
OTU949	0	0	0	0	0	0	0	0	0	0	0	0	0	0	0	0	0	0	0	0	0	0	0	0	0	0	0	0	0	0	0	0	0	0	0	0	0	0	0	0	0	0	0	0	0	0	0.705987938	0	0	0	0	0	0	0	0	0	0	0	0	0	0	0	0	0	0	0	0	0	0	0	0	0	0	0	0	0	0	0	0	0	0	0	0	0	0	0	0	0	0	0	0	0	0	0	0	0	0	0	0	0	0	0	0	0	0	0	0	0	0	0	0	0	0	0	0	0	0	0	0	0	0	0	0	0	0	0	0	0	0	0	0	0	0	0	0	0	0	0	0	0	0	0	0	0	0	0	0	0	0	0	0	0	0	0	0	0	0	0	0	0	0	0
OTU985	0	0	0	0	0	0	0	0	0	0	0	0	0	0	0	0	0	0	0	0	0	0	0	0	0	0	0	0	0	0	0	0	0	0	0	0	0	0	0	0	0	0	0	0	0	0	0	0	0	0	0	0	0	0	0	0	0	0	0	0	0	0	0	0	0	0	0	0	0	0	0	0	0	0	0	0	0	0	0	0	0	0	0	0	0	0	0	0	0	0	0	0	0	0	0	0	0	0	0	0	0	0	0	0	0	0	0	0	0	0	0	0	0	0	0	0	0	0	0.700452712	0	0	0	0	0	0	0	0	0	0	0	0	0	0	0	0	0	0	0	0	0	0	0	0	0	0	0	0	0	0	0	0	0	0	0	0	0	0	0	0	0	0	0
OTU993	0	0	0	0	0	0	0	0	0	0	0	0.70274656	0	0	0	0	0	0	0	0	0	0	0	0	0	0	0	0	0	0	0	0	0	0	0	0	0	0	0	0	0	0	0	0	0	0	0.705194107	0	0	0	0	0	0	0	0	0	0	0	0	0	0	0	0	0	0	0	0	0	0	0	0	0	0	0	0	0	0	0	0	0	0	0	0	0	0	0	0	0	0	0	0	0	0	0	0	0	0	0	0	0	0	0	0	0	0	0	0	0	0	0	0	0	0	0	0	0	0	0	0	0	0	0	0	0	0	0	0	0	0	0	0	0	0	0	0	0	0	0	0	0	0	0	0	0	0	0	0	0	0	0	0	0	0	0	0	0	0	0	0	0	0	0
OTU1051	0	0	0	0	0	0	0	0	0	0	0	0.70724891	0	0	0	0	0	0	0	0	0	0	0	0	0	0	0	0	0	0	0	0	0	0	0	0	0	0	0	0	0	0	0	0	0	0	0	0	0	0	0	0	0	0	0	0	0	0	0	0	0	0	0	0	0	0	0	0	0	0	0	0	0	0	0	0	0	0	0	0	0	0	0	0	0	0	0	0	0	0	0	0	0	0	0	0	0	0	0	0	0	0	0	0	0	0	0	0	0	0	0	0	0	0	0	0	0	0	0	0	0	0	0	0	0	0	0	0	0	0	0	0	0	0	0	0	0	0	0.717960157	0	0	0	0	0	0	0	0	0	0	0	0	0	0	0	0	0	0	0	0	0	0	0
