	JMYZ_W1	JMYZ_W2	JMYZ_W3	JMYZ_W4	JMYZ_W5	JMYZ_W6	JMYZ_C1	JMYZ_C2	JMYZ_C3	JMYZ_C4	JMYZ_C5	JMYZ_C6	JMYZ_SC1	JMYZ_SC2	JMYZ_SC3	JMYZ_SC4	JMYZ_SC5	JMYZ_SC6	JMYZ_SC7	JMYZ_SC8	JMYZ_SC9	QY_W1	QY_W2	QY_W3	QY_W4	QY_W5	QY_W6	QY_W7	QY_W8	QY_C1	QY_C2	QY_C3	QY_C4	QY_C5	QY_C6	QY_C7	QY_C8	QY_SC1	QY_SC2	QY_SC3	QY_SC4	QY_SC5	QY_SC6	QY_SC7	QY_SC8	QY_SC9	TGL_W1	TGL_W2	TGL_W3	TGL_W4	TGL_W5	TGL_W6	TGL_W7	TGL_W8	TGL_W9	TGL_W10	TGL_W11	TGL_C1	TGL_C2	TGL_C3	TGL_C4	TGL_C5	TGL_C6	TGL_C7	TGL_C8	TGL_C9	TGL_C10	TGL_C11	TGL_SC1	TGL_SC2	TGL_SC3	TGL_SC4	TGL_SC5	TGL_SC6	TGL_SC7	TGL_SC8	PL_W1	PL_W2	PL_W4	PL_W5	PL_W6	PL_W7	PL_W8	PL_C1	PL_C2	PL_C4	PL_C5	PL_C6	PL_C7	PL_C8	PL_SC1	PL_SC2	PL_SC3	PL_SC4	PL_SC5	PL_SC6	PL_SC7	PL_SC8	PL_SC9	PL_SC10	PL_SC11
OTU1	0	0	0	0	0	0	0	0	0	0	0	0	0	0	0	0	0	0	0	0	0	99	12	3	1	7	2	6	6	2207	1763	1299	2349	2311	2821	2778	1942	2424	2243	2564	3122	1045	2776	2874	2825	2651	0	0	0	14	8	0	0	2	2	2	41	1748	5200	2615	2387	3503	3213	4571	4054	3652	4276	5125	7692	5528	5361	4156	5124	4224	3546	3313	10	15	9	14	11	5	10	2	7	12	14	0	146	47	24	57	42	51	52	24	58	26	20	688	40
OTU2	1527	1551	85	679	875	69	325	215	43	167	102	100	110	216	52	124	198	249	52	763	210	3855	2933	815	340	318	416	738	950	874	684	607	562	590	964	932	687	632	978	1073	1035	352	1174	662	605	965	296	754	1024	1466	742	2061	949	372	321	998	539	674	1026	1323	968	682	812	645	901	712	722	791	994	1177	1095	707	1041	923	1154	1023	1158	2822	513	1442	648	183	673	223	218	157	109	124	186	294	181	274	256	212	212	149	291	42	46	301	102
OTU3	0	0	0	0	0	0	13	12	68	54	278	129	67	14	24	573	157	574	0	101	81	8	0	0	0	0	0	0	0	2180	1184	1658	1496	1650	1473	1512	1951	2097	2569	2165	1747	507	1836	1122	1505	1199	0	0	0	0	0	0	0	0	0	0	0	630	928	1627	1820	1974	2096	1191	1454	1065	1355	737	166	562	454	744	638	316	313	796	7	27	5	9	1	3	6	1641	560	769	614	124	435	760	46	115	88	218	238	138	70	20	17	2374	530
OTU26	0	2239	0	625	2	7	5906	5755	5386	6567	1244	7002	4667	3322	2861	979	957	609	61	4961	559	0	0	0	0	0	0	0	0	0	0	0	0	0	0	0	0	0	0	0	0	0	0	0	0	0	0	0	0	0	0	0	0	0	0	0	0	0	0	0	0	0	0	0	0	0	0	0	0	0	0	0	0	0	0	0	26	131	5	39	49	0	9	167	335	493	522	302	89	76	5	92	19	3	5	3	48	0	0	1	6
OTU6	15	25	14	21	14	19	0	0	0	0	0	0	0	0	0	0	0	0	0	0	0	2536	3870	2967	1372	1546	1769	2836	3095	74	140	137	154	99	185	175	103	97	91	89	61	104	94	134	134	121	3861	1160	2986	2943	3261	1858	2689	3392	2345	2405	1503	241	156	144	69	104	81	109	181	188	122	137	126	117	109	70	153	113	128	136	15	24	28	33	25	14	22	1	0	0	0	0	3	4	6	11	3	6	11	6	7	10	4	20	10
OTU8	0	0	0	0	3	0	678	1046	2738	1658	4373	1307	878	1716	4471	4020	2584	2271	54	371	340	0	0	0	0	0	0	0	0	0	0	0	0	0	0	0	0	0	0	0	0	0	0	0	0	0	0	0	0	0	0	0	0	0	0	0	0	0	0	0	0	0	0	0	0	0	0	0	0	0	0	0	0	0	0	0	9	83	16	54	71	8	19	2960	3699	2337	2484	3437	1490	3047	23	90	59	172	507	236	1909	25	38	16	547
OTU5	0	8	0	9	0	16	84	72	26	17	55	11	25	48	35	110	81	123	12	4	3	6	0	6	0	0	0	0	0	591	347	426	391	460	621	523	332	583	579	688	573	330	697	776	547	620	0	0	0	0	4	0	0	0	0	0	0	979	232	984	1565	468	380	235	393	351	173	338	203	425	738	286	401	581	966	520	6	16	14	22	11	5	3	329	409	720	886	327	260	180	310	3356	4126	1370	540	54	310	24	22	447	56
OTU16	0	0	0	0	0	0	0	0	0	0	0	0	0	0	0	0	0	0	0	0	0	1257	126	669	511	45	1023	1716	122	9	0	5	0	5	9	10	0	0	0	0	0	0	0	0	0	8	954	215	2405	4827	2524	89	1193	3238	356	5130	6898	5	35	24	0	6	0	23	11	5	6	18	13	0	0	0	0	0	0	0	0	0	0	2	1	1	1	0	0	0	0	0	0	0	0	0	0	0	0	0	0	0	0	0	0
OTU33	197	4	1	10	1337	146	63	10	0	12	184	71	36	831	16	329	857	1786	7	5	0	0	0	0	0	0	0	0	0	0	0	0	0	0	0	0	0	0	0	0	0	0	0	0	0	0	0	0	0	0	0	0	0	0	0	0	0	0	0	0	0	0	0	0	0	0	0	0	0	0	0	0	0	0	0	0	91	3510	248	593	3019	1734	5089	375	180	9	7	57	295	1101	5	5	5	7	19	6	9	3	1	3	77
OTU20	0	0	0	0	0	0	0	0	155	196	763	30	24	59	170	356	339	884	0	0	0	0	0	0	0	0	0	0	0	0	0	0	0	0	0	0	0	0	0	0	0	0	0	0	0	0	0	0	0	0	0	0	0	0	0	0	0	0	0	0	0	0	0	0	0	0	0	0	0	0	0	0	0	0	0	0	0	23	0	31	6	10	7	1683	1924	2308	2191	2848	3410	911	0	325	226	69	497	20	516	8	0	37	14
OTU7	9	4	0	0	4	0	0	0	0	0	0	0	0	0	0	0	0	0	0	0	0	1433	1515	2309	612	240	444	1059	764	97	116	128	108	101	144	125	118	48	75	69	68	66	61	80	56	130	885	372	558	589	1091	770	681	403	484	486	478	191	129	118	97	101	93	93	132	154	68	78	144	197	196	65	117	110	157	159	62	98	35	51	42	25	30	1	4	3	0	4	3	4	3	4	7	9	5	4	9	2	5	72	3
OTU41	0	0	0	0	0	0	0	0	0	0	0	0	9	0	0	9	0	0	0	0	0	43	67	88	65	68	68	76	79	0	0	0	0	0	0	0	0	0	0	0	0	0	0	0	0	0	1836	913	1089	1834	2569	1618	2953	3195	1012	1407	133	0	0	0	0	0	0	0	0	0	0	0	0	0	0	0	0	0	0	0	0	0	0	0	0	0	0	5	7	4	3	4	0	0	0	0	0	0	0	0	0	0	0	0	0
OTU13	0	0	0	0	0	0	0	0	0	0	0	0	0	0	0	0	0	0	0	0	0	29	8	67	17	8	7	18	15	147	187	620	304	183	487	342	191	54	158	350	222	617	350	823	466	651	0	1	0	4	0	11	10	24	0	33	0	317	598	615	434	409	157	1107	1021	73	930	888	769	1202	330	158	187	551	428	199	6	0	0	0	15	4	6	0	0	0	12	0	10	6	6	13	10	16	12	15	16	10	3	126	20
OTU93	0	3	0	0	0	0	2066	930	1413	1084	875	727	3040	1125	1921	951	682	219	25	615	345	0	0	0	0	0	0	0	0	5	3	0	0	0	0	0	0	0	0	0	0	0	0	0	0	0	0	0	0	0	0	0	0	0	0	0	0	0	0	0	0	0	0	0	0	0	0	0	0	0	0	0	0	0	0	0	7	13	8	17	9	0	0	95	66	138	37	103	38	68	0	76	18	15	24	16	208	2	9	3	81
OTU10	50	49	25	56	18	45	0	0	0	0	0	0	0	0	0	0	0	0	0	0	0	25	119	442	3966	3407	3725	305	1616	32	27	22	32	19	24	39	33	13	0	15	0	11	0	19	13	14	181	29	49	22	46	182	43	30	55	23	35	50	24	25	25	24	16	41	32	26	19	18	0	0	0	0	11	0	12	0	3	0	0	0	0	0	2	0	0	0	0	0	0	0	0	0	0	0	0	0	0	0	0	0	0
OTU51	0	0	0	0	0	0	285	261	818	657	546	437	257	696	640	361	281	238	19	88	32	0	0	0	0	0	0	0	0	0	0	0	0	0	0	0	0	0	0	0	0	0	0	0	0	0	0	0	0	0	0	0	0	0	0	0	0	0	0	0	0	0	0	0	0	0	0	0	0	0	0	0	0	0	0	0	38	184	21	109	41	4	8	434	546	764	498	474	179	347	43	1099	372	953	693	125	1791	20	25	16	235
OTU31	0	0	0	0	0	0	0	0	0	0	0	0	0	0	0	0	0	0	0	0	0	4	0	0	0	0	0	0	0	522	222	273	333	274	166	219	285	711	671	509	554	231	465	466	441	475	0	0	0	0	0	0	0	0	0	0	0	104	180	214	245	239	479	139	86	265	216	280	267	396	456	544	492	417	609	795	0	0	0	0	0	0	0	0	2	0	1	0	12	5	16	7	9	10	20	14	4	5	8	219	7
OTU29	221	32	0	209	0	0	0	0	0	0	0	0	0	0	20	0	0	0	14	4	13	42	71	150	3187	172	183	133	653	0	4	0	1	9	4	5	10	0	0	11	0	25	15	0	4	0	317	112	1430	54	1396	968	96	56	314	1262	1915	8	0	0	5	3	5	0	5	7	6	0	0	0	0	0	0	0	0	0	0	0	105	25	0	0	0	0	0	0	0	0	0	0	0	0	0	0	0	0	0	0	0	0	0
OTU28	0	0	0	0	0	0	17	31	63	84	361	75	196	30	136	957	201	204	0	13	15	76	0	6	4	0	0	3	0	263	240	360	365	181	357	432	342	256	493	496	287	55	399	486	311	500	6	0	11	7	3	1	0	8	7	5	8	75	345	483	65	223	60	138	306	188	258	156	21	37	14	25	11	13	10	31	3	103	0	13	16	8	16	576	293	46	37	51	152	798	6	9	4	10	13	6	10	6	8	102	83
OTU11	0	0	0	0	0	0	0	0	0	0	0	0	0	0	0	0	0	0	0	0	0	0	7	0	2	0	0	0	0	196	369	481	421	390	170	198	348	382	344	270	322	301	318	358	365	369	0	0	0	0	0	0	0	0	0	0	0	23	37	92	262	268	400	188	29	35	82	46	36	107	412	577	412	465	514	802	0	0	0	0	0	0	0	0	0	0	0	3	79	46	15	30	27	38	45	23	38	11	16	2246	37
OTU18	0	0	0	0	0	0	0	0	0	0	0	0	0	0	0	0	0	0	0	0	0	0	2	3	0	0	0	0	0	306	254	265	288	310	276	277	273	136	223	379	446	265	482	408	309	219	0	0	0	0	0	0	0	0	7	0	0	330	453	464	267	408	248	334	640	634	304	426	349	508	200	399	312	286	208	239	0	0	1	4	0	0	3	0	0	9	6	0	20	8	2	16	11	11	15	4	8	5	6	126	6
OTU39	0	0	0	0	0	0	0	0	0	0	0	0	0	0	0	0	0	0	0	0	0	520	681	605	648	241	1128	639	700	20	73	33	38	29	68	43	39	0	26	0	23	24	0	53	28	57	591	193	847	382	589	396	414	232	1676	425	343	33	0	21	26	45	24	25	21	83	24	33	0	40	32	0	0	27	29	0	0	0	0	0	0	0	0	0	0	0	0	0	0	0	0	0	0	0	0	0	0	0	0	0	0
OTU36	0	0	0	0	0	0	0	0	0	0	0	0	0	0	0	0	0	0	0	0	0	0	0	0	0	0	0	0	0	125	207	105	298	270	115	108	187	102	148	181	246	54	189	132	281	90	0	0	0	0	0	0	0	0	0	0	0	33	51	181	386	278	667	212	12	23	482	203	262	385	579	994	701	692	567	875	0	0	0	0	0	0	0	0	0	0	0	0	6	2	1	3	9	6	6	3	3	3	3	808	1
OTU59	0	0	0	0	0	0	3	52	172	161	328	53	20	74	199	156	123	280	13	21	345	0	0	0	0	0	0	0	0	0	0	0	0	0	0	0	0	0	0	0	0	0	0	0	0	0	0	0	0	0	0	0	0	0	0	0	0	0	0	0	0	0	0	0	0	0	0	0	0	0	0	0	0	0	0	0	0	8	0	4	2	0	3	398	450	241	304	371	263	723	26	149	94	650	1190	854	831	25	26	10	2270
OTU32	178	97	0	64	117	0	50	0	0	0	0	0	0	0	0	0	23	54	0	44	0	524	477	307	106	75	80	181	185	200	191	292	240	358	304	156	227	86	188	248	256	197	265	286	204	374	111	85	144	103	157	132	117	64	65	203	54	328	133	143	100	111	87	120	141	85	163	85	121	129	149	60	78	76	97	69	70	110	33	170	32	13	35	15	16	25	13	8	20	14	0	0	0	0	16	8	17	0	0	36	0
OTU60	0	0	0	0	0	0	0	0	0	0	0	0	0	0	0	0	0	0	0	0	0	37	28	1112	39	5614	2220	77	36	0	0	0	0	0	0	0	0	0	0	0	0	0	0	0	0	0	31	9	41	54	27	134	86	194	73	137	31	0	0	0	0	0	0	0	0	0	0	0	0	0	0	0	0	0	0	0	0	0	0	0	0	0	0	0	0	0	0	0	0	0	0	3	0	11	2	4	0	1	0	0	0
OTU74	0	0	0	0	0	0	0	0	0	0	0	0	0	0	0	0	0	0	0	0	0	0	0	0	0	0	0	0	0	0	0	0	0	0	0	0	0	0	0	0	0	0	0	0	0	0	0	0	0	0	0	0	0	0	0	0	0	0	0	0	0	0	0	0	0	0	0	0	0	0	0	0	0	0	0	0	265	2119	674	896	1680	293	2767	231	124	15	5	52	87	253	0	0	0	0	0	1	0	0	4	0	0
OTU128	0	0	0	0	0	0	21	41	137	134	2302	258	22	127	245	645	1618	1600	12	27	109	0	0	0	0	0	0	0	0	0	0	0	0	0	0	0	0	0	0	0	0	0	0	0	0	0	0	0	0	0	0	0	0	0	0	0	0	0	0	0	0	0	0	0	0	0	0	0	0	0	0	0	0	0	0	0	0	0	0	0	0	0	0	121	146	165	350	202	370	44	0	13	0	19	53	0	16	0	0	0	25
OTU25	0	0	0	0	0	0	0	0	0	0	0	0	0	0	0	0	0	0	0	0	0	0	0	0	0	0	0	0	0	203	301	288	316	318	220	268	238	370	337	239	259	301	217	360	233	441	60	5	14	7	25	0	11	0	18	0	0	97	106	80	170	93	105	91	79	32	75	204	105	145	239	151	187	196	330	157	0	12	0	0	3	0	0	0	0	7	0	0	9	11	11	193	153	243	157	64	46	9	6	78	12
OTU67	0	0	0	0	0	0	0	0	0	0	0	0	0	0	0	0	0	0	0	0	0	18	11	3	0	1	0	0	0	273	1152	575	314	280	189	248	421	390	553	400	386	239	540	305	395	361	0	0	0	0	0	0	0	0	0	0	0	86	28	101	122	128	66	44	63	144	67	39	15	55	36	50	74	25	11	59	0	0	0	0	0	0	0	0	0	5	0	0	6	0	0	0	0	0	0	0	0	0	0	125	0
OTU81	0	0	0	0	0	0	0	11	0	0	0	0	18	29	0	53	40	0	268	25	0	0	0	0	0	0	0	0	0	0	0	0	0	0	0	0	0	0	0	0	0	0	0	0	0	0	0	0	0	0	0	0	0	0	0	0	0	0	0	0	0	0	0	0	0	0	0	0	0	0	0	0	0	0	0	0	0	0	0	0	0	0	0	0	0	0	0	0	12	13	662	34	86	34	99	1476	16	1415	4026	23	46
OTU113	29	29	73	29	24	21	476	405	448	372	392	527	456	270	570	289	292	192	20	346	67	0	0	0	0	0	0	0	0	0	0	0	0	0	0	0	0	0	0	0	0	0	0	0	0	0	0	0	0	0	0	0	0	0	0	0	0	0	0	0	0	0	0	0	0	0	0	0	0	0	0	0	0	0	0	0	56	56	29	126	78	20	26	158	183	177	119	207	133	281	13	81	47	119	126	71	349	18	13	0	324
OTU68	0	0	0	0	0	0	21	66	121	127	194	42	46	66	80	261	145	331	6	74	31	0	0	0	0	0	0	0	0	18	16	20	28	18	0	16	29	42	43	12	35	86	29	25	25	49	0	0	0	0	0	0	0	0	0	0	0	0	0	0	18	8	29	10	0	0	0	0	0	41	51	46	69	67	50	50	11	82	7	58	35	7	10	213	282	327	308	296	162	289	51	508	401	819	721	108	357	19	20	70	275
OTU24	10	11	8	0	0	8	0	0	0	0	0	0	0	2	0	0	0	0	0	0	0	35	0	0	0	0	5	7	11	433	86	133	112	110	164	292	127	217	101	146	127	66	160	290	262	214	0	10	8	8	15	2	7	2	0	0	11	595	538	373	186	251	60	310	595	216	171	201	432	172	135	34	39	99	102	55	3	0	0	0	4	1	0	0	0	0	0	0	8	14	12	11	7	17	22	11	15	5	7	38	14
OTU52	0	0	0	0	0	0	0	0	0	0	0	0	0	0	0	0	0	0	0	0	0	0	0	0	0	0	0	0	0	104	107	104	125	166	157	119	125	65	113	108	98	45	97	86	89	107	0	0	0	0	0	0	0	0	0	0	0	195	234	238	145	242	221	155	164	207	163	222	375	388	491	264	323	338	373	431	0	0	0	0	0	0	0	0	0	0	0	0	9	14	13	16	14	20	21	11	13	12	6	203	10
OTU71	0	0	0	0	0	0	0	0	0	0	0	0	0	0	0	0	0	0	0	0	0	164	41	14	20	15	27	32	25	93	73	58	119	60	209	146	61	21	37	75	76	56	74	134	101	50	22	46	36	136	22	107	102	69	0	293	156	65	418	186	178	185	262	419	229	25	535	402	355	319	187	163	125	210	103	104	3	3	4	0	1	0	4	0	0	0	0	0	0	0	0	0	0	0	0	2	3	5	0	3	0
OTU19	0	0	0	0	0	0	0	0	0	0	0	0	0	0	0	0	0	0	0	0	0	0	0	0	0	0	0	1	0	177	155	294	186	96	108	248	199	371	187	123	84	86	103	187	116	142	0	0	0	0	0	0	0	0	0	0	0	828	177	176	283	152	87	271	480	627	178	193	84	49	82	61	95	98	82	64	0	4	0	0	2	0	0	0	0	4	5	0	29	14	14	34	18	20	11	14	21	3	3	50	12
OTU89	0	0	0	0	0	0	0	0	0	0	0	0	0	0	0	0	0	0	0	0	0	298	412	360	291	143	435	301	408	2	4	5	10	4	9	11	6	0	4	15	9	8	28	9	15	11	320	121	510	506	415	205	431	227	541	375	300	11	22	7	2	6	2	6	10	8	7	9	23	13	11	26	26	8	5	16	6	9	4	9	9	6	8	0	0	0	0	0	0	0	0	0	0	0	0	0	0	0	0	4	0
OTU53	0	0	0	0	0	0	0	0	0	0	0	0	0	0	0	0	0	0	0	0	0	0	0	0	0	0	0	0	0	141	115	74	287	212	206	183	247	39	54	74	74	23	28	69	80	45	0	0	0	0	0	0	0	0	0	0	0	79	563	222	295	332	494	574	130	31	367	483	121	102	144	62	86	101	128	139	0	0	0	0	0	0	0	0	0	0	0	0	10	7	11	14	7	11	18	8	13	4	12	495	6
OTU12	0	0	0	0	0	0	0	0	0	0	0	0	0	0	0	0	0	0	0	0	0	3	0	15	8	0	0	5	8	52	61	117	90	67	148	142	62	10	18	61	55	118	68	83	65	74	36	8	70	12	21	0	127	146	43	99	49	514	166	577	259	275	107	204	657	140	173	262	199	360	111	144	282	137	79	131	0	0	0	0	0	0	0	0	4	0	0	8	0	0	0	0	0	0	6	0	0	0	0	59	8
OTU34	0	0	0	0	0	0	0	0	0	0	0	0	0	0	0	0	0	0	0	0	0	59	133	410	350	65	242	610	1240	0	0	0	7	0	0	0	0	0	0	0	0	10	0	0	0	0	2343	33	566	29	88	49	54	35	246	49	65	26	2	0	0	0	0	7	0	11	0	2	0	0	0	0	0	0	0	0	6	4	3	0	5	1	2	0	0	0	0	0	0	0	0	0	0	0	0	0	0	0	0	0	0
OTU78	0	0	0	0	0	0	0	0	0	0	0	0	0	0	0	0	0	0	0	0	0	67	83	44	27	29	31	29	54	15	64	66	30	32	66	38	41	0	22	49	18	0	27	0	21	18	162	43	212	284	180	1812	131	298	485	163	131	67	109	130	24	132	168	69	157	286	123	64	35	58	29	74	84	49	14	98	0	0	0	0	0	0	0	0	0	0	0	0	0	0	0	0	0	0	0	5	0	0	0	45	0
OTU50	6	0	7	4	0	6	0	0	0	0	0	0	0	0	0	0	0	0	0	0	0	670	172	61	72	40	36	46	57	104	103	124	159	81	323	184	97	35	78	181	101	50	109	90	86	64	40	38	91	170	165	322	96	63	26	65	62	92	209	112	66	182	79	99	136	69	150	109	81	54	42	48	46	38	40	32	3	4	10	4	8	6	6	0	0	0	0	0	0	0	2	7	0	2	4	3	2	0	4	49	9
OTU40	0	0	0	0	0	0	0	0	0	0	0	0	0	0	0	0	0	11	0	0	0	35	8	6	9	4	2	0	5	159	152	84	191	89	127	111	171	97	116	166	205	181	169	75	162	99	3	0	0	6	6	17	3	0	0	5	4	106	143	147	157	199	300	147	76	46	179	136	97	123	164	228	164	200	238	294	2	2	3	2	1	4	1	4	0	1	2	1	8	14	14	14	17	47	25	15	11	6	9	208	8
OTU57	0	0	0	4	0	0	0	0	0	0	0	0	0	0	0	0	0	0	6	0	0	89	78	52	14	20	16	17	20	85	173	110	109	95	91	72	115	127	125	97	131	119	134	131	168	141	42	15	8	24	84	156	7	17	25	12	37	76	55	81	107	143	208	93	73	171	138	142	125	153	186	205	177	181	210	238	6	2	4	8	5	5	1	0	0	3	7	0	3	4	2	18	20	53	8	7	44	5	2	141	4
OTU37	10	10	12	14	12	12	4	0	0	0	0	0	0	0	0	0	0	0	0	6	0	77	276	561	668	143	422	1327	1128	0	7	9	0	4	2	0	0	5	0	0	0	0	0	0	0	8	414	61	71	46	81	44	88	92	95	78	47	13	0	0	0	0	0	0	0	0	0	0	0	0	0	0	0	0	0	0	4	3	0	3	4	4	0	0	2	0	0	0	0	0	0	0	0	0	3	0	2	0	0	0	0
OTU48	0	0	0	0	0	0	0	0	0	0	0	0	0	0	0	0	0	0	0	0	12	51	136	527	551	243	595	540	859	0	0	0	0	0	0	0	0	0	0	0	0	0	0	0	0	0	140	15	355	22	54	57	286	121	69	180	850	0	0	0	0	0	0	0	0	0	0	0	0	0	0	0	0	0	0	0	0	0	0	0	0	0	0	0	3	0	0	0	0	0	0	0	0	0	0	0	0	0	0	0	0
OTU175	0	0	0	0	0	0	153	299	681	430	419	342	85	405	819	337	246	73	18	152	39	0	0	0	0	0	0	0	0	0	0	0	0	0	0	0	0	0	0	0	0	0	0	0	0	0	0	0	0	0	0	0	0	0	0	0	0	0	0	0	0	0	0	0	0	0	0	0	0	0	0	0	0	0	0	0	0	3	0	0	0	0	0	59	67	72	101	108	50	36	0	180	60	93	52	10	166	3	4	1	77
OTU124	0	0	0	0	0	0	327	391	342	184	171	128	289	292	86	126	169	29	15	132	13	0	0	0	0	0	0	0	0	0	0	0	0	0	0	0	0	0	0	0	0	0	0	0	0	0	0	0	0	0	0	0	0	0	0	0	0	0	0	0	0	0	0	0	0	0	0	0	0	0	0	0	0	0	0	0	0	0	5	0	0	0	0	144	230	317	246	232	92	44	20	463	294	167	76	9	470	0	0	12	52
OTU115	0	0	0	0	0	0	2	31	0	2	0	0	3	58	0	3	9	0	88	0	58	0	0	0	0	0	0	0	0	0	0	0	0	0	0	0	0	0	0	0	0	0	0	0	0	0	0	0	0	0	0	0	0	0	0	0	0	0	0	0	0	0	0	0	0	0	0	0	0	0	0	0	0	0	0	0	0	0	0	0	0	0	0	0	0	0	0	0	3	9	307	13	16	14	20	79	4	2990	1598	3	8
OTU97	0	0	0	0	0	0	0	3	43	4	69	50	0	7	29	39	31	144	0	0	0	0	0	0	0	0	0	0	0	0	0	0	0	0	0	0	0	0	0	0	0	0	0	0	0	0	0	0	0	0	0	0	0	0	0	0	0	0	0	0	0	0	0	0	0	0	0	0	0	0	0	0	0	0	0	0	9	121	0	5	6	2	9	540	794	164	730	866	1086	371	6	31	13	12	5	3	97	0	2	6	7
OTU80	0	0	0	0	0	0	0	0	0	0	0	0	0	0	0	0	0	0	0	0	0	5	6	4	7	4	4	8	3	170	107	131	112	171	134	176	142	276	162	242	325	124	230	184	147	174	0	0	0	2	0	7	0	0	3	0	6	58	57	56	72	87	178	50	21	60	100	83	98	124	111	204	168	117	157	227	0	0	0	0	0	0	0	0	0	0	0	0	5	0	0	0	0	0	0	0	4	2	0	79	0
OTU82	0	0	0	0	0	0	384	604	314	322	123	148	276	212	58	70	81	39	10	196	30	0	0	0	0	0	0	0	0	33	21	20	15	35	20	31	28	23	24	30	56	32	60	34	22	18	0	0	0	0	0	0	0	0	0	0	0	32	39	47	90	35	68	34	43	23	29	29	50	64	82	77	49	107	64	68	0	5	0	6	0	3	0	52	42	44	42	31	23	35	0	114	199	45	27	9	26	3	8	12	48
OTU90	0	0	0	0	0	0	0	0	0	0	0	0	0	0	0	0	0	0	0	0	0	0	0	0	0	0	0	0	0	122	70	35	89	149	122	75	130	57	53	139	140	40	108	106	100	58	0	0	0	0	0	0	0	0	0	0	0	21	147	124	227	87	478	111	26	31	147	182	57	39	129	351	173	269	295	339	0	0	0	0	0	0	0	0	0	0	0	0	4	4	1	7	1	6	6	4	6	3	2	123	3
OTU100	0	0	0	0	0	0	0	0	0	0	0	0	0	0	0	0	0	0	0	0	0	0	0	0	0	0	0	0	0	49	122	47	173	150	72	56	94	40	77	79	116	23	97	63	138	54	0	0	0	0	0	0	0	0	0	0	0	7	23	68	156	115	246	94	0	15	195	96	101	159	276	451	298	278	275	383	0	0	0	0	0	0	0	0	0	0	0	0	0	0	0	1	0	0	1	4	0	1	1	212	2
OTU83	0	0	0	0	0	0	0	0	0	0	0	0	0	0	0	0	0	0	0	0	0	14	0	2	2	3	2	4	0	166	95	128	74	116	117	59	164	72	48	80	75	52	38	24	49	27	0	0	0	0	0	2	0	0	6	0	3	172	161	153	115	229	266	265	338	639	136	68	30	62	76	152	130	103	99	167	0	0	0	0	0	0	0	0	0	0	0	0	0	2	4	8	2	1	1	4	5	1	3	44	3
OTU121	0	0	0	0	0	0	0	0	6	3	55	8	0	7	29	29	16	91	2	3	3	0	0	0	0	0	0	0	0	0	0	0	0	0	0	0	0	0	0	0	0	0	0	0	0	0	0	0	0	0	0	0	0	0	0	0	0	0	0	0	0	0	0	0	0	0	0	0	0	0	0	0	0	0	0	0	19	82	39	383	80	26	51	253	226	397	390	351	1086	558	6	9	9	60	60	78	84	3	7	5	30
OTU94	0	0	0	0	0	0	0	0	0	0	0	0	0	0	0	0	0	0	0	0	0	0	0	0	0	0	0	0	0	156	222	149	231	110	83	102	172	140	102	91	101	71	104	67	190	82	0	0	0	0	0	0	0	0	0	0	0	11	34	35	131	96	229	28	0	13	42	59	0	43	150	282	176	171	129	195	0	0	0	0	0	0	0	0	0	0	0	0	1	4	5	2	4	1	1	6	2	6	0	370	3
OTU159	0	0	0	0	0	0	0	0	0	0	0	0	0	0	0	0	0	0	0	0	0	0	0	0	0	11	16	15	13	0	0	0	0	0	0	0	0	0	0	0	0	0	0	0	0	0	271	192	198	744	801	417	524	524	190	331	39	0	0	0	0	0	0	0	0	0	0	0	0	0	0	0	0	0	0	0	0	0	0	0	0	0	0	0	0	0	0	0	0	0	0	0	0	0	0	0	0	0	0	0	0
OTU111	0	0	0	0	0	0	0	0	0	0	0	0	0	0	0	0	0	0	0	0	0	58	13	1	0	8	0	0	0	163	95	163	192	112	281	303	190	137	283	275	139	64	245	206	114	209	0	3	0	3	0	0	4	0	0	0	1	84	82	151	21	39	16	113	138	151	75	47	10	13	0	4	11	6	4	5	2	0	3	6	0	1	1	0	0	0	0	0	2	3	0	0	0	0	0	0	1	0	0	1	2
OTU92	0	0	0	0	0	0	0	0	0	0	0	0	0	0	0	0	0	0	0	0	0	50	1	0	0	0	0	2	0	153	132	110	105	115	144	111	110	80	94	117	96	34	122	88	99	126	2	0	0	2	4	3	0	0	0	0	1	125	90	95	69	156	158	169	63	60	145	109	85	78	67	151	145	140	114	196	3	0	0	0	2	0	0	0	0	0	0	0	6	2	1	2	0	4	3	1	2	0	0	84	5
OTU43	27	25	12	25	6	15	0	0	0	0	0	0	0	0	0	0	0	0	0	0	0	9	0	0	0	0	0	15	0	47	70	77	91	62	86	142	53	25	61	76	73	134	85	42	57	61	0	0	20	0	0	9	0	0	0	0	0	188	56	325	153	68	100	83	98	150	83	73	82	131	102	124	229	245	198	98	11	14	1	8	8	3	2	0	6	0	0	0	0	1	0	3	3	5	9	12	10	0	7	11	0
OTU72	0	0	0	0	0	0	0	0	0	0	0	0	0	0	0	0	0	0	0	0	0	8	0	0	0	0	0	0	0	126	53	77	83	69	64	61	89	184	95	86	78	57	87	112	131	67	0	0	0	0	0	0	0	0	0	0	0	145	163	189	139	159	133	89	90	76	128	139	138	126	82	99	85	91	127	125	0	0	0	0	0	0	0	0	5	6	0	0	0	0	0	0	0	0	2	0	1	0	0	86	1
OTU55	0	0	0	0	0	0	0	0	0	0	0	0	0	0	0	0	0	0	0	0	0	14	0	0	0	0	0	6	0	125	97	76	41	66	85	119	64	55	56	128	100	0	38	53	57	47	0	3	0	0	0	0	32	0	5	0	0	127	228	323	441	115	78	160	311	61	138	184	59	69	47	59	44	56	68	39	0	0	0	0	0	0	0	0	0	0	0	0	0	0	0	0	0	0	0	0	0	0	0	11	0
OTU64	0	0	0	0	0	0	0	0	0	0	0	0	0	0	0	0	0	0	0	0	0	133	214	148	81	74	43	87	190	21	43	21	27	17	21	27	27	8	5	7	9	22	19	15	14	9	44	33	66	71	187	305	56	123	307	198	512	59	36	45	28	45	35	21	38	134	32	40	20	31	10	12	22	13	18	12	0	3	10	6	6	2	1	0	0	0	0	0	0	3	1	0	0	0	0	0	0	2	0	10	0
OTU134	0	0	0	0	0	0	4	10	24	36	63	33	28	19	26	84	49	139	0	8	68	0	0	0	0	0	0	0	0	0	16	0	29	12	0	17	14	45	13	0	0	15	0	0	0	14	0	0	0	0	0	0	0	0	0	0	0	22	0	0	0	0	0	0	0	16	0	0	0	0	0	0	0	0	0	0	0	0	0	0	0	0	0	156	74	355	171	83	93	59	6	528	335	176	209	24	551	2	0	11	63
OTU112	0	0	0	0	0	0	0	0	0	13	20	0	0	0	0	28	17	75	0	9	41	0	0	0	0	0	0	0	0	58	46	81	73	34	34	70	78	138	68	55	43	44	50	57	55	61	0	0	0	0	0	0	0	0	0	0	0	37	122	44	40	71	46	67	112	212	32	30	0	0	27	38	35	0	34	34	0	0	0	0	0	0	0	78	40	196	121	40	43	58	0	213	127	179	130	21	95	0	0	28	95
OTU215	0	0	0	0	0	0	0	0	0	0	0	0	0	0	0	0	0	0	0	0	0	14	9	19	0	50	48	14	16	0	0	0	0	0	0	0	0	0	0	0	0	0	0	0	0	0	7	5	17	12	9	29	2259	637	347	20	155	0	0	0	0	0	0	15	0	0	0	0	0	0	0	0	0	0	0	0	0	0	0	0	0	0	1	0	0	0	0	0	0	0	0	0	0	0	0	0	0	0	0	0	0
OTU180	0	0	0	0	0	0	0	52	2	5	0	3	13	70	3	5	97	8	321	7	444	0	0	0	0	0	0	0	0	0	0	0	0	0	0	0	0	0	0	0	0	0	0	0	0	0	0	0	0	0	0	0	0	0	0	0	0	0	0	0	0	0	0	0	0	0	0	0	0	0	0	0	0	0	0	0	0	0	0	0	0	0	0	0	0	0	0	0	4	10	600	137	178	33	70	381	7	513	597	5	49
OTU137	0	0	0	0	0	0	0	0	0	0	0	0	0	0	0	0	0	0	0	0	0	12	0	0	0	5	0	0	2	639	45	32	93	122	143	112	203	88	75	148	119	11	58	70	69	43	0	0	0	0	0	0	0	4	0	0	0	9	183	127	85	47	134	78	132	53	144	79	30	13	63	35	28	41	52	68	0	0	0	0	0	0	0	0	0	0	0	0	0	0	2	0	0	1	0	0	0	0	0	24	1
OTU178	0	0	0	0	0	0	0	28	53	142	195	43	20	49	60	211	134	371	13	28	113	0	0	0	0	0	0	0	0	0	0	0	0	0	0	0	0	0	0	0	0	0	0	0	0	0	0	0	0	0	0	0	0	0	0	0	0	0	0	0	0	0	0	0	0	0	0	0	0	0	0	0	0	0	0	0	11	40	0	24	34	8	5	80	82	87	89	88	88	114	10	192	364	238	189	67	73	4	7	4	94
OTU227	0	0	0	0	0	0	9	70	8	9	8	7	13	52	5	18	60	48	493	27	1210	0	0	0	0	0	0	0	0	0	0	0	0	0	0	0	0	0	0	0	0	0	0	0	0	0	0	0	0	0	0	0	0	0	0	0	0	0	0	0	0	0	0	0	0	0	0	0	0	0	0	0	0	0	0	0	0	0	0	0	12	2	0	0	1	0	0	9	27	2	33	0	5	4	112	209	5	116	33	4	739
OTU282	0	77	0	30	0	0	278	462	315	502	70	490	442	99	62	62	40	26	7	142	26	0	0	0	0	0	0	0	0	0	0	0	0	0	0	0	0	0	0	0	0	0	0	0	0	0	0	0	0	0	0	0	0	0	0	0	0	0	0	0	0	0	0	0	0	0	0	0	0	0	0	0	0	0	0	0	0	0	0	7	0	0	0	5	20	51	36	15	12	4	0	15	9	0	0	0	0	0	0	0	5
OTU73	0	0	0	0	0	0	0	0	0	0	0	0	0	0	0	0	0	0	0	0	0	3	0	0	0	0	0	1	0	60	102	134	65	103	137	118	88	26	52	45	48	32	46	66	35	52	0	0	0	0	0	0	0	0	0	0	0	173	54	44	45	70	79	54	141	120	50	46	104	136	138	67	120	113	85	116	0	0	0	0	0	0	0	0	0	0	0	0	0	5	3	3	5	7	6	9	2	8	5	44	6
OTU119	0	0	0	0	0	0	0	8	0	0	0	0	11	5	0	0	11	0	16	0	0	28	27	197	153	220	394	231	141	0	0	0	0	0	0	0	0	0	0	0	0	0	0	0	0	0	181	32	553	46	92	52	178	78	120	165	111	0	0	0	0	0	0	0	0	0	0	0	0	0	0	0	0	0	0	0	0	0	0	0	0	0	0	3	2	4	2	2	0	0	0	0	0	0	0	0	0	0	0	4	0
OTU214	0	0	0	0	0	0	2	88	4	16	13	3	38	20	0	9	50	137	249	34	752	0	0	0	0	0	0	0	0	0	0	0	0	0	0	0	0	0	0	0	0	0	0	0	0	0	0	0	0	0	0	0	0	0	0	0	0	0	0	0	0	0	0	0	0	0	0	0	0	0	0	0	0	0	0	0	0	0	0	0	42	4	0	0	0	0	0	15	29	0	44	5	16	11	335	473	4	264	27	2	254
OTU176	0	0	0	0	0	0	38	162	130	158	85	43	27	98	47	92	144	35	0	38	29	0	0	0	0	0	0	0	0	0	0	0	0	0	0	0	0	0	0	0	0	0	0	0	0	0	0	0	0	0	0	0	0	0	0	0	0	0	0	0	0	0	0	0	0	0	0	0	0	0	0	0	0	0	0	0	2	0	0	0	0	0	0	113	113	140	149	98	40	17	11	193	58	89	252	41	313	5	13	1	119
OTU247	0	0	0	0	0	0	0	63	0	21	12	4	44	56	5	51	101	12	883	138	116	0	0	0	0	0	0	0	0	0	0	0	0	0	0	0	0	0	0	0	0	0	0	0	0	0	0	0	0	0	0	0	0	0	0	0	0	0	0	0	0	0	0	0	0	0	0	0	0	0	0	0	0	0	0	0	0	0	0	0	0	0	0	0	0	0	0	0	0	0	521	10	9	13	15	138	0	96	404	0	74
OTU135	0	0	0	0	0	0	0	0	0	0	0	0	0	0	0	0	0	0	0	0	0	58	0	4	2	0	0	0	2	123	70	38	103	72	82	82	82	82	84	95	80	105	101	89	144	98	6	3	1	5	3	7	0	5	6	0	13	45	131	71	18	48	21	55	97	160	112	126	88	25	63	15	17	0	26	0	0	0	0	0	0	0	0	0	0	0	0	0	0	0	0	0	0	4	0	0	0	0	0	6	0
OTU185	10	17	0	17	19	5	23	41	43	77	86	33	31	57	102	107	65	102	0	18	18	0	0	0	0	0	0	0	0	0	0	0	0	0	0	0	0	0	0	0	0	0	0	0	0	0	0	0	0	0	0	0	0	0	0	0	0	0	0	0	0	0	0	0	0	0	0	0	0	0	0	0	0	0	0	0	36	92	25	72	67	5	8	164	147	97	115	163	111	158	5	81	82	67	82	12	193	3	4	0	104
OTU183	0	0	0	0	0	0	11	16	54	50	66	39	33	32	40	40	42	52	0	12	10	0	0	0	0	0	0	0	0	0	0	0	0	0	0	0	0	0	0	0	0	0	0	0	0	0	0	0	0	0	0	0	0	0	0	0	0	0	0	0	0	0	0	0	0	0	0	0	0	0	0	0	0	0	0	0	0	0	0	0	0	0	0	51	57	65	56	44	38	52	10	234	154	542	346	47	373	9	12	3	143
OTU75	0	0	0	0	0	0	0	0	0	0	0	0	0	0	0	0	0	0	0	0	0	0	0	0	0	0	0	0	0	78	23	51	45	50	94	126	42	33	0	67	42	72	66	98	70	53	0	0	0	0	0	0	0	0	0	0	0	148	66	167	201	91	55	75	127	20	63	87	43	84	79	44	76	91	90	58	0	0	0	0	0	0	0	0	0	0	0	0	0	0	0	0	0	0	0	0	0	0	0	44	0
OTU77	0	0	0	0	0	0	0	0	0	0	0	0	0	0	0	0	0	0	0	0	0	0	0	0	0	0	0	0	0	99	135	133	59	45	61	119	113	232	135	117	116	121	165	99	161	122	0	0	0	0	0	0	0	0	0	0	0	35	12	24	48	39	41	11	4	32	26	58	18	27	29	49	46	50	40	41	0	0	0	0	0	0	0	0	2	1	0	4	0	0	0	0	5	0	0	0	0	0	0	27	0
OTU250	0	0	0	0	0	0	208	137	256	141	89	54	125	180	342	100	73	33	15	65	31	0	0	0	0	0	0	0	0	0	0	0	0	0	0	0	0	0	0	0	0	0	0	0	0	0	0	0	0	0	0	0	0	0	0	0	0	0	0	0	0	0	0	0	0	0	0	0	0	0	0	0	0	0	0	0	0	0	0	0	0	0	0	50	81	43	39	92	17	67	0	8	10	26	36	27	125	0	6	0	184
OTU271	0	0	0	5	0	0	491	441	154	138	77	113	249	175	56	32	52	24	11	225	31	0	0	0	0	0	0	0	0	0	0	0	0	0	0	0	0	0	0	0	0	0	0	0	0	0	0	0	0	0	0	0	0	0	0	0	0	0	0	0	0	12	0	0	0	0	0	0	0	0	0	0	0	0	0	0	0	0	6	0	6	0	0	27	24	31	34	21	14	5	1	22	19	11	13	4	16	0	0	4	11
OTU84	0	0	0	0	0	0	0	0	0	0	0	0	0	0	0	0	0	0	0	0	0	13	27	6	0	0	0	0	0	31	58	55	32	37	33	48	37	31	50	34	39	31	55	39	39	73	0	3	0	0	0	0	0	0	0	0	0	55	52	96	75	90	69	13	25	122	42	67	139	173	131	72	96	94	144	89	0	3	5	5	5	0	0	5	7	3	10	8	11	9	0	0	0	1	5	3	3	0	0	42	5
OTU42	0	0	0	0	0	0	0	0	0	0	0	0	0	0	0	0	0	0	0	0	0	5	0	0	0	0	0	0	0	40	19	61	37	26	82	127	31	0	20	65	35	204	45	89	61	66	0	7	0	0	0	0	0	0	0	0	7	100	53	117	91	64	18	63	187	12	75	85	110	193	37	42	87	82	43	37	0	0	0	0	4	2	1	0	0	0	0	0	0	0	0	0	0	0	0	0	0	0	0	8	0
OTU35	0	0	0	0	0	0	0	0	0	0	0	0	0	0	0	0	0	0	0	0	0	0	0	0	0	0	0	0	0	41	90	111	72	64	53	104	94	122	128	81	90	92	123	82	74	111	0	0	0	0	0	0	0	0	0	0	0	65	23	31	30	55	26	0	0	84	0	14	37	110	70	66	55	66	82	41	0	0	0	0	0	0	0	0	0	0	0	0	0	0	0	3	14	9	14	0	0	0	0	95	2
OTU91	0	0	0	0	0	0	0	0	0	0	0	0	0	0	0	0	0	0	0	0	0	0	3	0	0	5	0	0	0	23	38	85	54	47	59	64	43	52	74	57	69	136	70	129	80	76	0	0	0	0	0	0	0	0	0	0	0	132	19	47	80	84	43	47	37	26	38	64	32	32	56	93	111	119	153	65	0	0	0	0	0	0	0	4	3	6	2	2	0	0	2	2	2	0	0	3	1	1	0	26	2
OTU191	0	0	0	0	0	0	0	0	0	0	0	0	0	0	0	0	0	0	0	0	0	0	4	4	0	0	0	0	0	105	161	146	169	267	149	136	124	33	55	75	42	75	63	69	92	116	0	0	0	0	0	0	0	0	0	0	0	30	18	15	24	42	33	45	6	13	38	27	12	13	12	28	30	23	16	28	0	0	0	0	0	0	0	0	0	0	0	0	0	4	0	0	0	5	0	6	4	3	0	95	0
OTU238	0	0	0	0	0	0	245	71	267	82	136	109	50	73	186	122	77	19	7	24	5	0	0	0	0	0	0	0	0	0	0	0	0	0	0	0	0	0	0	0	0	0	0	0	0	0	0	0	0	0	0	0	0	0	0	0	0	0	0	0	0	0	0	0	0	0	0	0	0	0	0	0	0	0	0	0	8	7	3	30	6	0	2	78	110	111	186	144	27	67	0	14	3	6	9	0	140	1	0	0	14
OTU147	0	0	0	0	0	0	0	0	0	0	0	0	0	0	0	0	0	0	0	0	0	65	13	12	0	0	5	17	18	47	14	33	29	31	76	60	33	0	30	72	43	0	60	51	29	65	4	8	0	20	14	13	9	13	0	19	0	54	154	97	37	64	44	97	172	40	143	99	149	112	51	25	24	37	38	22	0	0	0	0	0	0	0	0	0	0	0	0	0	0	0	0	0	0	0	0	0	0	0	16	0
OTU129	0	0	0	0	0	0	0	0	0	0	0	0	0	0	0	0	0	0	0	0	0	44	11	1	1	4	3	1	0	96	91	74	70	56	71	61	99	19	26	38	33	12	39	52	31	39	0	1	0	0	3	1	0	0	0	0	3	25	118	57	58	72	110	114	61	99	45	70	24	23	60	81	33	53	52	66	0	0	0	0	0	0	0	0	0	2	1	0	2	5	7	4	0	3	11	7	5	3	3	63	9
OTU87	0	0	0	0	0	0	0	0	0	0	0	0	0	0	0	0	0	0	0	0	0	15	6	22	8	3	0	0	9	48	77	119	80	78	40	50	86	46	57	41	36	92	38	83	70	87	18	0	0	2	8	0	3	6	0	7	1	235	19	20	29	54	18	113	52	197	85	26	31	25	31	16	18	7	23	11	0	0	0	0	0	0	0	0	0	0	0	0	1	0	0	3	1	0	2	0	0	6	2	14	0
OTU148	0	0	0	0	0	0	0	0	0	0	0	0	0	0	0	0	0	0	0	0	0	0	0	0	0	0	0	0	0	102	86	61	134	251	117	52	113	17	83	96	93	121	113	127	120	135	0	0	0	0	0	0	0	0	0	0	0	0	33	16	16	16	0	49	0	0	100	54	69	34	48	0	0	0	0	15	0	0	0	0	0	0	0	0	0	0	0	0	0	0	0	0	0	0	0	0	0	0	0	0	0
OTU164	0	0	0	0	0	0	0	0	0	0	0	0	0	0	0	0	0	0	0	0	0	11	4	5	4	5	11	8	5	52	37	60	61	105	111	95	64	7	27	28	20	17	30	63	30	35	2	1	6	6	5	0	11	5	0	4	4	110	172	48	29	56	7	262	138	21	117	93	67	26	5	0	4	2	0	0	0	0	0	0	0	0	0	0	0	0	0	0	2	4	0	0	0	0	0	0	0	0	0	1	1
OTU85	0	0	0	0	0	0	0	0	0	0	0	0	0	0	0	0	0	0	0	0	0	0	0	0	0	0	0	0	0	44	20	32	34	43	27	26	40	98	77	33	45	18	56	34	60	42	0	0	0	0	0	0	0	0	0	0	0	9	26	32	62	41	68	4	0	0	17	122	9	33	49	78	65	74	71	73	0	0	0	0	0	0	0	0	6	5	0	3	11	8	7	8	6	9	12	14	13	5	5	412	13
OTU179	0	0	0	0	0	0	0	0	0	0	22	4	1	3	0	14	9	16	0	0	0	0	0	0	0	0	0	0	0	0	0	0	0	0	0	0	0	0	0	0	0	0	0	0	0	0	0	0	0	0	0	0	0	0	0	0	0	0	0	0	0	0	0	0	0	0	0	0	0	0	0	0	0	0	0	0	1	2	0	4	5	0	0	201	167	188	238	328	217	403	5	9	8	122	25	3	53	1	5	7	16
OTU257	0	0	0	0	0	0	0	15	28	70	113	12	3	26	30	101	76	328	8	6	244	0	0	0	0	0	0	0	0	0	0	0	0	0	0	0	0	0	0	0	0	0	0	0	0	0	0	0	0	0	0	0	0	0	0	0	0	0	0	0	0	0	0	0	0	0	0	0	0	0	0	0	0	0	0	0	0	0	0	0	0	0	1	11	24	20	12	19	28	11	6	7	10	87	146	476	30	36	6	3	83
OTU127	0	0	0	0	0	0	0	0	0	0	0	0	0	0	0	0	0	0	0	0	0	0	0	0	0	0	0	0	0	47	44	59	55	46	35	16	53	78	57	68	66	73	53	55	63	66	0	0	0	0	0	0	0	0	0	0	0	4	4	4	39	15	58	7	0	0	9	9	0	6	27	79	36	84	82	136	0	0	0	0	0	0	0	0	0	0	0	0	33	18	5	10	0	6	11	5	11	1	4	402	13
OTU118	0	0	0	0	0	0	0	0	0	0	0	0	0	0	0	0	0	0	0	0	0	0	0	0	0	0	0	0	0	13	9	6	11	8	4	9	11	8	9	11	7	10	9	12	8	10	0	0	0	0	0	0	0	0	0	0	0	0	12	29	105	51	132	26	3	0	19	15	10	29	92	154	120	176	201	251	0	0	0	0	0	0	0	0	0	0	0	0	26	9	1	10	0	4	5	5	7	0	2	341	4
OTU110	0	0	0	0	0	0	0	0	0	0	0	0	0	0	0	0	0	0	0	0	0	4	0	0	0	0	0	0	0	42	83	120	108	118	73	62	84	51	105	93	101	113	99	135	84	154	0	0	0	0	0	0	0	0	0	0	0	0	0	0	17	26	0	20	0	0	24	31	60	70	72	0	0	0	0	0	0	0	0	0	0	0	0	0	0	0	0	0	0	0	0	0	0	0	0	0	0	0	0	31	0
OTU224	0	0	0	0	0	0	0	0	0	0	0	0	0	0	0	0	0	0	0	0	0	0	0	0	0	0	0	0	0	0	0	0	0	0	0	0	0	0	0	0	0	0	0	0	0	0	0	0	0	0	0	0	0	0	0	0	0	0	0	0	0	0	0	0	0	0	0	0	0	0	0	0	0	0	0	0	264	636	58	133	204	66	523	20	14	1	3	4	15	34	0	0	0	0	0	0	0	0	0	0	0
OTU117	0	0	0	0	0	0	0	0	0	0	0	0	0	0	0	0	0	0	0	0	0	3	10	120	61	75	65	250	90	0	0	0	0	0	0	0	0	0	0	0	0	0	0	0	0	0	36	12	100	15	39	12	33	26	988	7	16	0	0	0	0	0	0	0	0	6	0	0	0	0	0	0	0	0	0	0	0	0	0	0	0	0	0	0	0	0	0	0	0	0	0	0	0	0	0	0	0	0	0	0	0
OTU228	0	0	0	0	0	0	0	8	31	29	144	13	0	11	41	125	84	305	0	24	20	0	0	0	0	0	0	0	0	0	0	0	0	0	0	0	0	0	0	0	0	0	0	0	0	0	0	0	0	0	0	0	0	0	0	0	0	0	0	0	0	0	0	0	0	0	0	0	0	0	0	0	0	0	0	0	0	3	0	0	0	0	0	124	141	62	86	176	129	173	5	7	11	55	33	9	47	4	2	3	51
OTU388	313	90	149	251	48	29	92	39	27	27	23	54	72	34	96	23	24	36	5	168	31	0	0	0	0	0	0	0	0	0	0	0	0	0	0	0	0	0	0	0	0	0	0	0	0	0	0	0	0	0	0	0	0	0	0	0	0	0	0	0	0	0	0	0	0	0	0	0	0	0	0	0	0	0	0	0	26	58	11	0	16	1	77	21	21	5	0	4	0	53	0	0	0	0	0	0	0	0	0	0	18
OTU38	0	0	0	0	0	0	0	0	0	0	0	0	0	0	0	0	0	0	0	0	0	69	233	418	55	35	26	146	65	8	15	7	8	4	0	0	0	0	0	0	0	0	0	0	3	0	230	23	40	73	152	21	13	0	50	31	67	19	0	1	12	8	0	0	0	0	0	0	0	5	14	0	5	7	4	8	5	3	8	6	4	8	4	0	0	0	0	0	0	0	0	0	0	0	0	0	0	0	0	0	0
OTU186	0	0	0	0	0	0	0	0	0	0	0	0	0	0	0	0	0	0	0	0	0	0	0	0	0	0	0	0	0	91	114	79	121	57	30	53	91	49	64	46	65	0	48	38	92	38	0	0	0	0	0	0	0	0	0	0	0	0	0	23	42	29	73	12	0	0	16	15	0	31	55	105	75	59	60	95	0	0	0	0	0	0	0	0	0	0	0	0	0	0	0	0	0	0	0	0	0	0	0	106	0
OTU217	0	0	0	0	0	0	44	98	67	83	47	42	56	45	21	45	52	19	25	36	8	0	0	0	0	0	0	0	0	0	1	0	0	0	0	0	0	0	0	0	0	0	0	0	0	0	0	0	0	0	0	0	0	0	0	0	0	0	0	0	3	1	4	0	0	0	0	0	0	0	0	0	0	6	0	0	0	9	0	7	0	1	0	84	125	142	184	62	61	20	0	120	50	26	33	5	86	4	18	2	43
OTU160	0	0	0	0	0	0	0	0	0	0	0	0	0	0	0	0	0	0	0	0	0	0	0	0	0	0	0	0	0	32	31	21	31	23	0	16	24	32	39	31	38	19	33	43	31	59	0	0	0	0	0	0	0	0	0	0	0	10	26	26	47	75	65	29	13	36	29	61	73	65	93	74	59	99	83	125	0	0	0	0	0	0	0	0	0	0	0	0	0	2	3	0	6	0	5	0	9	2	3	97	0
OTU174	0	0	0	0	0	0	0	0	0	0	0	0	0	0	0	0	0	0	0	0	0	0	1	0	0	0	0	0	0	66	89	54	68	76	65	57	83	45	52	69	98	49	78	62	114	55	0	0	0	0	0	0	0	0	0	0	0	6	6	6	28	24	26	11	0	7	31	23	10	6	10	13	13	20	27	24	0	0	0	0	0	0	0	0	0	0	0	0	3	5	0	1	6	5	0	2	4	0	5	153	2
OTU95	0	0	0	0	0	0	0	0	0	0	0	0	0	0	0	0	0	0	0	0	0	0	0	0	0	0	0	0	0	13	30	0	16	16	24	16	24	29	24	0	16	64	0	0	0	0	0	0	0	0	0	0	0	0	0	0	0	94	31	82	89	48	37	33	29	297	65	60	30	60	50	80	37	56	63	70	0	0	0	0	0	0	0	0	0	0	0	0	0	0	0	0	2	0	0	3	0	1	0	61	4
OTU306	0	0	0	0	0	0	148	44	46	47	71	73	147	30	58	46	80	48	0	44	5	0	0	0	0	0	0	0	0	0	0	0	0	0	0	0	0	0	0	0	0	0	0	0	0	0	0	0	0	0	0	0	0	0	0	0	0	0	0	0	0	0	0	0	0	0	0	0	0	0	0	0	0	0	0	0	0	0	0	0	0	0	0	100	111	59	55	92	90	138	0	10	13	31	8	4	30	2	0	0	2
OTU281	0	0	0	0	3	0	0	0	0	0	0	0	0	0	0	0	0	0	0	0	0	0	0	0	0	0	0	0	0	0	0	0	0	0	0	0	0	0	0	0	0	0	0	0	0	0	0	0	0	0	0	0	0	0	0	0	0	0	0	0	0	0	0	0	0	0	0	0	0	0	0	0	0	0	0	0	43	139	220	395	373	76	43	38	40	21	39	69	68	40	0	0	0	0	0	0	0	0	0	0	1
OTU165	0	0	0	0	0	0	0	0	0	0	0	0	0	0	0	0	0	0	0	0	0	0	0	5	0	0	0	0	0	47	78	130	75	86	107	71	98	22	34	34	52	40	37	52	23	49	0	0	0	0	0	0	0	0	0	0	0	24	0	16	19	22	39	0	0	35	15	13	14	38	38	15	42	33	31	44	0	0	0	0	0	0	0	0	0	0	0	0	0	0	0	0	0	0	0	0	0	0	0	14	0
OTU131	0	0	0	0	0	0	0	0	0	0	0	0	0	0	0	0	0	0	0	0	0	34	35	26	3	8	4	10	8	26	36	15	14	13	7	20	16	29	21	19	37	11	38	15	45	25	31	15	4	2	11	40	3	2	4	3	9	55	14	22	29	29	23	4	6	13	9	24	12	13	27	21	28	41	56	61	2	3	42	42	10	3	3	0	0	2	7	0	4	1	0	0	3	80	6	2	0	0	0	59	0
OTU138	0	0	0	0	0	0	0	0	0	0	0	0	0	0	0	0	0	0	0	0	0	0	0	0	0	0	0	0	0	56	35	25	28	64	87	79	72	45	32	57	36	34	47	70	37	40	0	0	0	0	0	0	0	0	0	0	0	72	65	69	39	36	5	32	52	10	27	23	21	35	25	0	0	0	14	0	0	0	0	0	0	0	0	0	0	0	0	0	3	0	0	0	0	0	0	0	0	0	0	4	0
OTU395	0	0	0	0	0	0	176	34	67	63	59	83	103	56	86	104	68	41	0	36	0	0	0	0	0	0	0	0	0	0	0	0	0	0	0	0	0	0	0	0	0	0	0	0	0	0	0	0	0	0	0	0	0	0	0	0	0	0	0	0	0	0	0	0	0	0	0	0	0	0	0	0	0	0	0	0	8	10	0	9	3	0	1	85	62	22	30	27	18	83	0	3	0	0	3	0	26	0	0	0	5
OTU420	0	0	0	0	0	0	0	0	0	0	0	0	0	0	0	0	0	0	0	0	0	60	77	76	71	114	114	42	49	0	0	0	0	0	0	0	0	0	0	0	0	0	0	0	0	0	72	32	61	46	67	97	91	61	88	63	46	0	0	0	0	0	0	0	0	0	0	0	0	0	0	0	0	0	0	0	0	0	0	0	0	0	0	9	12	12	4	6	0	0	0	0	0	0	0	0	0	0	0	0	0
OTU143	0	0	0	0	0	0	0	0	0	0	0	0	0	0	0	0	0	0	0	0	0	31	1	0	0	0	0	0	0	78	17	13	33	18	32	32	19	35	12	58	25	7	15	20	19	34	1	0	0	3	5	3	0	0	0	0	0	32	125	36	17	88	32	28	13	14	60	66	117	25	41	51	8	25	22	25	0	0	0	0	0	0	0	0	0	0	0	0	0	0	0	0	0	0	0	0	0	1	0	16	0
OTU298	0	0	0	0	0	0	34	17	11	70	35	22	123	10	9	38	62	13	0	76	0	0	0	0	0	0	0	0	0	0	0	0	0	0	0	0	0	0	0	0	0	0	0	0	0	0	0	0	0	0	0	0	0	0	0	0	0	0	0	0	0	0	0	0	0	0	0	0	0	0	0	0	0	0	0	0	0	3	0	0	0	0	1	78	92	126	161	51	29	98	4	36	9	59	29	4	33	0	8	0	7
OTU361	0	0	0	0	0	0	34	16	131	70	163	40	28	32	70	63	50	40	0	20	8	0	0	0	0	0	0	0	0	0	0	0	0	0	0	0	0	0	0	0	0	0	0	0	0	0	0	0	0	0	0	0	0	0	0	0	0	0	0	0	0	0	0	0	0	0	0	0	0	0	0	0	0	0	0	0	0	0	0	5	4	0	0	64	43	69	61	44	22	83	3	26	4	17	18	0	96	0	5	1	17
OTU490	0	0	0	0	0	0	27	157	151	190	129	67	25	100	42	63	100	22	0	75	15	0	0	0	0	0	0	0	0	0	0	0	0	0	0	0	0	0	0	0	0	0	0	0	0	0	0	0	0	0	0	0	0	0	0	0	0	0	0	0	0	0	0	0	0	0	0	0	0	0	0	0	0	0	0	0	0	0	0	0	0	0	0	11	9	19	18	7	3	3	0	17	9	1	8	2	7	0	1	0	9
OTU239	0	0	0	0	0	0	0	0	0	0	0	0	0	0	0	0	0	0	0	0	0	0	0	0	0	0	0	0	0	64	82	79	85	110	98	51	87	9	23	10	20	28	17	17	14	28	0	0	0	0	0	0	0	0	0	0	0	146	6	5	18	40	28	100	6	7	38	18	0	0	6	2	0	0	7	0	0	0	0	0	0	0	0	0	0	4	0	0	0	0	0	0	0	0	3	1	0	0	0	16	3
OTU253	0	0	0	0	0	0	0	0	0	0	0	0	0	0	0	0	0	0	0	0	0	0	0	0	0	0	0	0	0	19	20	8	29	70	15	20	14	13	12	11	0	0	9	6	24	9	0	0	0	0	0	0	0	0	0	0	0	14	37	20	25	23	92	28	17	27	197	108	139	94	17	41	21	23	21	8	0	0	0	0	0	0	0	0	0	0	0	0	5	0	0	1	2	0	2	0	0	2	0	18	6
OTU171	0	0	0	0	0	0	0	0	0	0	0	0	0	0	0	0	0	0	0	0	0	0	0	0	0	0	0	0	0	23	52	33	40	22	8	35	41	105	68	18	52	32	43	28	26	33	0	0	0	0	0	0	0	0	0	0	0	2	7	21	39	24	24	20	4	7	16	70	15	16	20	36	16	39	42	37	0	0	0	0	0	0	0	0	0	0	0	0	0	0	4	0	0	0	0	0	1	1	0	91	1
OTU289	0	0	0	0	0	0	0	0	49	28	24	15	29	0	63	52	42	23	0	0	0	0	0	0	0	0	0	0	0	0	0	0	0	0	0	0	0	0	0	0	0	0	0	0	0	0	0	0	0	0	0	0	0	0	0	0	0	0	0	0	0	0	0	0	0	0	0	0	0	0	0	0	0	0	0	0	5	21	0	0	0	1	10	126	129	61	38	38	16	118	0	0	0	13	43	12	84	0	0	0	165
OTU475	20	0	0	9	14	0	104	69	20	39	28	51	180	68	61	47	36	71	4	58	54	0	0	0	0	0	0	0	0	0	0	0	0	0	0	0	0	0	0	0	0	0	0	0	0	0	0	0	0	0	0	0	0	0	0	0	0	0	0	0	0	0	0	0	0	0	0	0	0	0	0	0	0	0	0	0	15	13	0	0	13	0	3	22	21	16	8	33	17	57	0	0	0	9	4	0	13	0	0	0	8
OTU194	0	0	0	0	0	0	0	0	0	0	0	0	0	0	0	0	0	0	0	0	0	16	21	26	0	21	10	13	12	16	19	42	22	37	33	28	24	12	15	27	25	35	34	24	17	29	11	6	6	9	7	3	23	15	0	6	12	38	21	22	15	21	0	15	26	27	14	20	35	42	24	11	37	48	36	35	0	4	0	3	4	2	6	0	0	0	0	0	0	0	0	0	0	0	0	0	0	0	0	7	0
OTU255	0	0	0	0	0	0	0	0	0	0	0	0	0	0	0	0	0	0	0	0	0	0	0	0	0	0	0	0	0	41	53	24	47	61	38	44	34	30	38	72	59	39	71	71	85	80	0	0	0	0	0	0	0	0	0	0	0	14	16	9	13	22	5	38	5	3	39	25	24	9	5	14	13	0	6	3	0	0	0	0	0	0	0	0	0	0	0	0	0	0	0	0	0	0	1	0	0	0	0	0	0
OTU216	0	0	0	0	0	0	0	0	0	0	0	0	0	0	0	0	0	0	0	0	0	0	0	0	0	0	0	0	0	31	55	35	89	61	37	29	64	10	11	13	13	7	14	14	27	21	0	0	0	0	0	0	0	0	0	0	0	1	4	16	36	38	74	24	0	3	24	12	21	26	88	25	49	29	24	44	0	0	0	0	0	0	0	0	0	0	0	0	0	0	0	2	0	1	1	1	0	3	0	61	0
OTU234	0	0	0	0	0	0	0	0	0	0	0	0	0	0	0	0	0	0	0	0	0	34	0	0	0	0	5	0	5	53	5	14	42	26	70	56	39	5	24	113	23	7	30	49	21	26	0	0	0	7	0	0	0	0	0	2	2	27	67	41	8	29	0	41	70	14	81	31	47	17	0	0	0	0	0	0	0	0	0	0	0	0	0	0	0	0	0	0	0	0	0	0	0	0	0	0	0	0	0	0	0
OTU241	0	0	0	0	0	0	0	0	0	0	0	0	0	0	0	0	0	0	0	0	0	0	0	0	0	0	0	0	0	23	28	33	22	26	19	26	22	32	24	18	28	14	28	16	34	19	0	0	0	0	0	0	0	0	0	0	2	16	34	41	45	22	37	25	6	4	20	18	28	39	77	50	28	57	69	58	0	0	0	0	0	0	0	0	0	0	0	0	4	0	0	0	0	0	0	4	0	0	0	35	0
OTU277	0	0	0	0	0	0	0	0	0	0	0	0	0	0	0	0	0	0	0	0	0	0	0	0	0	0	0	0	0	4	11	2	21	18	7	9	11	5	8	13	15	1	11	8	9	3	0	0	0	0	0	0	0	0	0	0	0	3	9	21	42	48	82	25	0	6	32	17	28	34	78	133	77	95	83	109	0	0	0	0	0	0	0	0	0	0	0	0	0	0	0	0	0	0	0	0	0	0	0	28	0
OTU150	0	0	0	0	0	0	0	0	0	0	0	0	0	0	0	0	0	0	0	0	0	4	1	0	0	0	0	0	0	72	44	57	30	29	35	49	53	16	4	9	7	43	6	8	6	18	0	0	0	0	0	0	0	0	0	0	2	63	30	18	13	93	22	22	17	163	51	46	2	12	6	12	7	5	0	10	0	0	0	0	0	0	0	0	0	0	0	0	0	0	2	3	1	0	1	0	0	2	1	6	4
OTU213	9	0	7	0	7	8	20	0	9	0	0	9	8	13	14	20	18	20	7	31	22	8	5	2	4	3	5	4	4	0	0	0	0	0	0	0	0	0	0	0	0	0	0	0	0	0	2	4	4	6	3	3	10	5	5	6	3	0	0	0	0	0	0	0	0	0	0	0	0	0	0	0	0	0	0	0	82	89	102	80	107	53	53	7	5	2	10	5	8	23	14	17	18	20	16	12	19	18	8	5	12
OTU392	0	0	0	0	0	0	3	2	11	20	155	13	0	10	27	24	136	134	7	4	24	0	0	0	0	0	0	0	0	0	0	0	0	0	0	0	0	0	0	0	0	0	0	0	0	0	0	0	0	0	0	0	0	0	0	0	0	0	0	0	0	0	0	0	0	0	0	0	0	0	0	0	0	0	0	0	0	0	0	0	0	0	0	23	17	59	45	31	87	28	5	5	4	86	57	31	1	3	0	0	8
OTU226	0	0	0	0	0	0	0	0	0	0	0	0	0	0	0	0	0	0	0	0	0	0	0	0	0	0	0	0	0	39	25	36	36	42	31	42	36	19	39	40	40	24	38	55	32	65	0	0	0	0	0	0	0	0	0	0	0	17	17	10	17	16	11	23	25	34	19	25	47	31	39	17	17	10	19	15	0	0	0	0	0	0	0	0	0	0	0	0	0	0	0	0	0	0	0	0	0	0	0	0	0
OTU525	0	0	0	0	0	0	0	0	0	0	0	0	0	0	0	0	0	0	0	0	0	28	49	67	59	74	72	69	63	0	0	0	0	0	0	0	0	0	0	0	0	0	0	0	0	0	69	40	55	37	50	55	55	53	67	49	34	0	0	0	0	0	0	0	0	0	0	0	0	0	0	0	0	0	0	0	0	0	0	0	0	0	0	0	0	0	0	0	0	0	0	0	0	0	0	0	0	0	0	0	0
OTU331	0	0	0	0	0	0	0	0	0	9	38	6	0	3	4	26	9	61	0	0	71	0	0	0	0	0	0	0	0	0	0	0	0	0	0	0	0	0	0	0	0	0	0	0	0	0	0	0	0	0	0	0	0	0	0	0	0	0	0	0	0	0	0	0	0	0	0	0	0	0	0	0	0	0	0	0	0	0	0	3	0	0	0	36	30	72	23	24	14	25	0	84	28	77	108	24	123	5	5	1	74
OTU570	41	43	49	73	19	47	0	0	0	0	0	0	0	0	0	12	0	0	0	0	0	23	34	39	38	60	33	28	42	0	0	0	0	0	0	0	0	0	0	0	0	3	0	0	5	0	17	19	44	21	26	39	29	31	65	19	31	0	0	0	0	0	0	0	0	0	0	0	0	0	0	2	0	0	0	0	0	0	0	0	0	0	0	0	0	0	0	0	0	0	0	0	0	0	0	0	0	0	0	0	0
OTU283	0	0	0	0	0	0	0	0	0	0	0	0	0	0	0	0	0	0	0	0	0	0	0	0	0	0	0	0	0	6	16	5	18	16	7	9	15	2	7	14	10	4	11	8	11	4	0	0	0	0	0	0	0	0	0	0	0	3	3	14	27	25	54	11	0	3	19	10	16	34	63	126	66	75	61	85	0	0	0	0	0	0	0	0	0	0	0	0	0	0	0	0	0	0	0	0	0	0	0	63	0
OTU394	0	0	0	0	0	0	0	13	28	8	30	0	0	27	35	30	32	16	0	0	0	0	0	0	0	0	0	0	0	0	0	0	0	0	0	0	0	0	0	0	0	0	0	0	0	0	0	0	0	0	0	0	0	0	0	0	0	0	0	0	0	0	0	0	0	0	0	0	0	0	0	0	0	0	0	0	0	14	0	21	8	10	14	42	32	51	38	35	40	73	6	56	39	30	63	6	97	4	0	0	18
OTU326	0	0	0	0	0	0	0	0	12	26	36	0	0	5	6	23	12	54	0	0	13	0	0	0	0	0	0	0	0	0	0	0	0	0	0	0	0	0	0	0	0	0	0	0	0	0	0	0	0	0	0	0	0	0	0	0	0	0	0	0	0	0	0	0	0	0	0	0	0	0	0	0	0	0	0	0	0	0	0	0	0	0	3	106	67	29	40	45	78	101	0	6	8	83	36	19	13	4	0	0	90
OTU163	0	0	0	0	0	0	0	0	0	0	0	0	0	0	0	0	0	0	0	0	0	0	0	0	0	0	0	0	0	9	23	42	15	15	16	21	12	17	18	9	9	49	13	13	0	10	0	0	0	0	0	0	0	0	0	0	0	85	7	22	21	30	14	5	24	176	9	13	8	28	18	23	22	19	29	13	0	0	0	0	0	0	0	0	0	0	0	0	0	0	0	0	0	0	0	0	0	0	0	8	0
OTU387	0	0	0	0	0	0	0	0	31	27	51	25	0	21	20	36	27	26	0	0	0	0	0	0	0	0	0	0	0	0	0	0	0	0	0	0	0	0	0	0	0	0	0	0	0	0	0	0	0	0	0	0	0	0	0	0	0	0	0	0	0	0	0	0	0	0	0	0	0	0	0	0	0	0	0	0	0	11	0	0	0	0	0	42	28	70	29	32	12	49	0	22	14	39	40	14	113	0	0	0	37
OTU367	0	0	0	0	0	0	0	0	0	0	0	0	0	0	0	0	0	0	0	0	0	4	0	0	0	0	0	0	3	23	34	17	25	53	27	13	24	8	4	16	9	6	13	14	7	11	0	0	1	1	2	1	0	0	0	0	7	3	23	10	18	32	22	6	0	15	71	127	28	13	20	12	6	22	3	12	0	0	0	0	0	0	1	0	0	0	0	0	0	0	0	0	0	0	0	0	0	0	0	0	0
OTU187	0	0	0	0	0	0	0	0	0	0	0	0	0	0	0	0	0	0	0	0	0	0	0	0	0	0	0	0	0	27	12	13	14	17	24	33	17	19	14	28	44	7	30	46	12	27	0	0	0	0	0	0	0	0	0	0	0	5	29	21	22	6	13	13	41	14	14	24	21	5	27	11	9	24	11	15	0	0	0	0	0	0	0	3	3	3	4	6	0	0	0	7	0	7	7	0	5	0	0	9	0
OTU339	0	0	0	0	0	0	0	0	0	0	0	0	0	0	0	0	0	0	0	0	0	7	1	5	1	0	4	0	1	26	28	26	25	40	43	34	29	9	17	28	16	19	15	20	18	14	0	0	0	0	0	0	0	0	0	0	0	23	7	15	9	27	23	19	20	53	40	23	10	15	5	12	9	8	8	5	0	0	0	0	0	0	0	0	0	0	0	0	0	0	0	0	0	0	0	0	0	0	0	3	0
OTU412	0	0	0	0	0	0	1	3	10	11	24	14	10	0	10	14	23	24	0	3	12	0	0	0	0	0	0	0	0	0	0	0	0	0	0	0	0	0	0	0	0	0	0	0	0	0	0	0	0	0	0	0	0	0	0	0	0	0	0	0	0	0	0	0	0	0	0	0	0	0	0	0	0	0	0	0	0	0	0	3	0	0	1	80	44	27	46	59	58	124	2	6	9	45	15	26	16	3	1	1	29
OTU322	0	0	0	0	0	0	0	0	0	0	0	0	0	0	0	0	0	0	0	0	0	0	0	0	0	0	0	0	0	18	14	33	20	22	35	35	24	12	31	23	29	18	28	39	18	36	0	0	0	0	0	0	0	0	0	0	0	18	11	10	11	11	8	10	16	10	12	15	38	28	21	4	13	10	13	9	0	0	0	0	0	0	0	0	0	0	0	0	0	0	0	0	0	0	0	0	0	0	0	6	0
OTU648	0	0	0	0	0	0	0	0	0	0	0	0	0	0	0	0	0	0	0	0	0	40	41	38	31	18	32	37	33	0	0	0	0	0	0	0	0	0	0	0	0	0	0	0	0	0	23	30	38	34	27	39	52	33	35	43	34	0	0	0	0	0	0	0	0	0	0	0	0	0	0	0	0	0	0	0	0	0	0	0	0	0	0	0	0	0	0	0	0	0	0	0	0	0	0	0	0	0	0	0	0
OTU158	0	0	0	0	0	0	0	0	0	0	0	0	0	0	0	0	0	0	0	0	0	0	0	0	0	0	0	0	0	5	15	9	3	3	8	5	15	0	0	0	6	53	0	0	0	0	0	0	0	0	0	0	0	0	0	0	0	54	28	54	38	22	18	18	17	13	26	30	25	28	22	20	23	21	28	20	0	0	0	0	0	0	0	0	0	0	0	0	0	0	0	0	0	1	0	0	0	1	0	25	0
OTU252	0	0	0	0	0	0	0	0	0	0	0	0	0	0	0	0	0	0	0	0	0	0	0	0	0	0	0	0	2	21	40	47	23	32	17	28	23	24	29	18	19	55	23	28	42	27	0	0	0	0	0	0	0	0	0	0	0	32	7	1	3	27	6	4	0	6	4	6	2	6	4	9	6	2	0	3	0	0	0	0	0	0	0	0	0	0	0	0	0	0	0	0	0	0	0	0	0	0	0	2	0
OTU739	0	0	0	0	0	0	0	0	0	0	0	0	0	0	0	0	0	0	0	0	0	27	25	43	30	25	34	26	38	0	0	0	0	0	0	0	0	0	0	0	0	0	0	0	0	0	21	16	29	20	21	30	38	23	47	15	21	0	0	0	0	0	0	0	0	0	0	0	0	0	0	0	0	0	0	0	0	0	0	0	0	0	0	0	0	0	0	0	0	0	0	0	0	0	0	0	0	0	0	0	0
OTU505	0	0	0	0	0	0	0	0	0	0	0	0	0	0	0	0	0	0	0	0	0	8	0	0	0	0	0	0	0	39	23	0	32	20	17	20	17	42	23	10	19	22	9	25	43	28	0	0	0	0	0	0	0	0	0	0	0	6	17	3	7	16	5	8	4	2	6	6	8	0	6	3	3	6	6	5	0	0	0	0	0	0	0	0	0	0	0	0	0	0	0	0	0	0	0	0	0	0	0	8	0
OTU855	0	0	0	0	0	0	0	0	0	0	0	0	0	0	0	0	0	0	0	0	0	21	19	29	19	23	15	37	26	0	0	0	0	0	0	0	0	0	0	0	0	0	0	0	0	0	33	14	16	18	22	19	35	17	41	28	15	0	0	0	0	0	0	0	0	0	0	0	0	0	0	0	0	0	0	0	0	0	0	0	0	0	0	0	0	0	0	0	0	0	0	0	0	0	0	0	0	0	0	0	0
OTU938	0	0	0	0	0	0	0	0	0	0	0	0	0	0	0	0	0	0	0	0	0	10	18	23	23	24	34	14	21	0	0	0	0	0	0	0	0	0	0	0	0	0	0	0	0	0	19	11	6	18	15	18	19	14	31	19	15	0	0	0	0	0	0	0	0	0	0	0	0	0	0	0	0	0	0	0	0	0	0	0	0	0	0	0	0	0	0	0	0	0	0	0	0	0	0	0	0	0	0	0	0
OTU949	0	0	0	0	0	0	0	0	0	0	0	0	0	0	0	0	0	0	0	0	0	17	19	19	16	31	21	16	20	0	0	0	0	0	0	0	0	0	0	0	0	0	0	0	0	0	13	10	11	9	15	18	21	10	42	17	11	0	0	0	0	0	0	0	0	0	0	0	0	0	0	0	0	0	0	0	0	0	0	0	0	0	0	0	0	0	0	0	0	0	0	0	0	0	0	0	0	0	0	0	0
OTU985	0	0	0	0	0	0	0	0	0	0	0	0	0	0	0	0	0	0	0	0	0	19	26	20	14	30	14	14	16	0	0	0	0	0	0	0	0	0	0	0	0	0	0	0	0	0	16	6	9	7	15	16	18	20	12	14	15	0	0	0	0	0	0	0	0	0	0	0	0	0	0	0	0	0	0	0	0	0	0	0	0	0	0	0	0	0	0	0	0	0	0	0	0	0	0	0	0	0	0	0	0
OTU993	0	0	0	0	0	0	0	0	0	0	0	0	0	0	0	0	0	0	0	0	0	23	21	24	17	12	8	23	9	0	0	0	0	0	0	0	0	0	0	0	0	0	0	0	0	0	19	14	14	8	12	20	8	13	19	12	15	0	0	0	0	0	0	0	0	0	0	0	0	0	0	0	0	0	0	0	0	0	0	0	0	0	0	0	0	0	0	0	0	0	0	0	0	0	0	0	0	0	0	0	0
OTU1051	0	0	0	0	0	0	0	0	0	0	0	0	0	0	0	0	0	0	0	0	0	10	12	12	10	15	28	24	6	0	0	0	0	0	0	0	0	0	0	0	0	0	0	0	0	0	14	13	16	11	13	15	13	11	19	14	9	0	0	0	0	0	0	0	0	0	0	0	0	0	0	0	0	0	0	0	0	0	0	0	0	0	0	0	0	0	0	0	0	0	0	0	0	0	0	0	0	0	0	0	0
